 StringID       Type         x         y    demand ReadyTime   DueDateServiceTime
        D0         d        40        50         0         0      1236         0
        S0         f        40        50         0         0      1236         0
        S1         f        73        52         0         0      1236         0
        S2         f        90        55         0         0      1236         0
        S3         f        55        79         0         0      1236         0
        S4         f        69        89         0         0      1236         0
        S5         f        32        80         0         0      1236         0
        S6         f        39        96         0         0      1236         0
        S7         f        23        80         0         0      1236         0
        S8         f         4        83         0         0      1236         0
        S9         f        18        58         0         0      1236         0
       S10         f         1        56         0         0      1236         0
       S11         f        13        31         0         0      1236         0
       S12         f        -5        38         0         0      1236         0
       S13         f        26        37         0         0      1236         0
       S14         f        28        13         0         0      1236         0
       S15         f        39        31         0         0      1236         0
       S16         f        48        11         0         0      1236         0
       S17         f        59        17         0         0      1236         0
       S18         f        73        23         0         0      1236         0
       S19         f        74        32         0         0      1236         0
       S20         f        90        44         0         0      1236         0
       C98         c        58        75        20       181       247        90
        C9         c        38        70        10       958      1040        90
       C32         c        10        40        30       271       337        90
       C50         c        26        32        10       923       975        90
       C10         c        35        66        10       779       845        90
       C68         c        45        30        10       354       420        90
        C8         c        38        68        20      1057      1125        90
       C31         c        10        35        20       467       517        90
       C45         c        30        30        10       421       475        90
       C61         c        50        30        10       980      1064        90
       C72         c        53        30        10       904       954        90
       C83         c        72        55        10       556       618        90
       C47         c        30        35        10       698       754        90
       C63         c        50        40        50        15        85        90
       C19         c        15        80        10       455       513        90
       C84         c        70        58        20       650       710        90
       C78         c        88        35        20       667       731        90
       C43         c        33        35        10       789       849        90
       C97         c        60        85        30       645       707        90
       C42         c        33        32        20       239       289        90
       C25         c        25        52        40       158       232        90
       C36         c         5        45        10       278       346        90
       C56         c        40         5        30       350       410        90
       C64         c        48        30        10       263       325        90
       C13         c        22        75        30      1042      1106        90
       C11         c        35        69        10       869       941        90
        C6         c        40        69        20       683       741        90
       C27         c        23        52        10       263       311        90
       C77         c        88        30        10       534       600        90
       C88         c        65        60        30       837       895        90
       C33         c         8        40        40       355       437        90
       C54         c        42        10        40       810       868        90
       C18         c        15        75        20       557       601        90
        C5         c        42        65        10       950      1026        90
       C73         c        92        30        10       287       361        90
       C20         c        30        50        10        10        70        90
       C21         c        30        52        20        11        73        90
       C17         c        18        75        20       633       711        90
       C91         c        60        60        10      1010      1096        90
       C48         c        28        30        10       511       569        90
       C69         c        45        35        10       448       516        90
       C53         c        44         5        20       437       511        90
      C100         c        55        85        20       744       798        90
       C93         c        65        85        40       546       616        90
       C67         c        47        40        10        13        88        90
       C81         c        85        35        30       761       823        90
       C75         c        45        65        20        16        91        90
       C65         c        48        40        10        67       139        90
        C7         c        40        66        20       774       836        90
       C89         c        63        58        10       929       989        90

Vehicle fuel tank capacity /79.69/
Vehicle load capacity /200.0/
Fuel consumption rate /1.0/
Inverse refueling rate /3.39/
Average Velocity /1.0/
