 StringID       Type         x         y    demand ReadyTime   DueDateServiceTime
        D0         d        40        50         0         0      1236         0
        S0         f        40        50         0         0      1236         0
        S1         f        73        52         0         0      1236         0
        S2         f        90        55         0         0      1236         0
        S3         f        55        79         0         0      1236         0
        S4         f        69        89         0         0      1236         0
        S5         f        32        80         0         0      1236         0
        S6         f        39        96         0         0      1236         0
        S7         f        23        80         0         0      1236         0
        S8         f         4        83         0         0      1236         0
        S9         f        18        58         0         0      1236         0
       S10         f         1        56         0         0      1236         0
       S11         f        13        31         0         0      1236         0
       S12         f        -5        38         0         0      1236         0
       S13         f        26        37         0         0      1236         0
       S14         f        28        13         0         0      1236         0
       S15         f        39        31         0         0      1236         0
       S16         f        48        11         0         0      1236         0
       S17         f        59        17         0         0      1236         0
       S18         f        73        23         0         0      1236         0
       S19         f        74        32         0         0      1236         0
       S20         f        90        44         0         0      1236         0
       C46         c        30        32        30       569       697        90
       C63         c        50        40        50        15       155        90
       C16         c        20        85        40       329       445        90
       C37         c         2        40        20       544       644        90
       C59         c        38        15        10        37       153        90
       C73         c        92        30        10       250       398        90
       C62         c        50        35        20       139       259        90
       C21         c        30        52        20        11       135        90
       C90         c        60        55        10        21       148        90
       C92         c        67        85        20       428       550        90
       C26         c        25        55        10       637       779        90
       C81         c        85        35        30       730       854        90
       C27         c        23        52        10       240       334        90
        C5         c        42        65        10       912      1064        90
       C55         c        42        15        10       876       992        90
        C6         c        40        69        20       653       771        90
       C67         c        47        40        10        13       162        90
       C35         c         5        35        10       620       760        90
       C61         c        50        30        10       937      1107        90
       C33         c         8        40        40       314       478        90
       C30         c        20        55        10       328       434        90
       C83         c        72        55        10       525       649        90
       C18         c        15        75        20       534       624        90
       C80         c        85        25        10       610       716        90
       C24         c        25        50        10        38       172        90
       C65         c        48        40        10        31       175        90
       C68         c        45        30        10       321       453        90
       C39         c         0        45        20       342       472        90
       C99         c        55        80        10       805       927        90
       C19         c        15        80        10       426       542        90
       C25         c        25        52        40       121       269        90
       C69         c        45        35        10       413       551        90
        C1         c        45        68        10        46       172        90
        C2         c        45        70        30       471       581        90
       C12         c        25        85        20       149       255        90
       C29         c        20        50        10       148       252        90
       C97         c        60        85        30       614       738        90
       C84         c        70        58        20       620       740        90
       C74         c        53        35        50        46       174        90
       C75         c        45        65        20        16       167        90
       C41         c        35        32        10        19       139        90
       C88         c        65        60        30       807       925        90
       C40         c        35        30        10       114       228        90
       C32         c        10        40        30       237       371        90
       C10         c        35        66        10       746       878        90
       C14         c        22        85        10       231       359        90
       C86         c        66        55        10       139       275        90
       C28         c        23        55        20       402       546        90
       C47         c        30        35        10       670       782        90
       C98         c        58        75        20       147       281        90

Vehicle fuel tank capacity /79.69/
Vehicle load capacity /200.0/
Fuel consumption rate /1.0/
Inverse refueling rate /3.39/
Average Velocity /1.0/
