 StringID       Type         x         y    demand ReadyTime   DueDateServiceTime
        D0         d        40        50         0         0      1236         0
        S0         f        40        50         0         0      1236         0
        S1         f        73        52         0         0      1236         0
        S2         f        90        55         0         0      1236         0
        S3         f        55        79         0         0      1236         0
        S4         f        69        89         0         0      1236         0
        S5         f        32        80         0         0      1236         0
        S6         f        39        96         0         0      1236         0
        S7         f        23        80         0         0      1236         0
        S8         f         4        83         0         0      1236         0
        S9         f        18        58         0         0      1236         0
       S10         f         1        56         0         0      1236         0
       S11         f        13        31         0         0      1236         0
       S12         f        -5        38         0         0      1236         0
       S13         f        26        37         0         0      1236         0
       S14         f        28        13         0         0      1236         0
       S15         f        39        31         0         0      1236         0
       S16         f        48        11         0         0      1236         0
       S17         f        59        17         0         0      1236         0
       S18         f        73        23         0         0      1236         0
       S19         f        74        32         0         0      1236         0
       S20         f        90        44         0         0      1236         0
       C99         c        55        80        10       776       956        90
       C92         c        67        85        20       399       579        90
       C54         c        42        10        40       749       929        90
       C11         c        35        69        10       815       995        90
       C33         c         8        40        40       306       486        90
        C1         c        45        68        10        19       199        90
       C87         c        65        55        20        26       206        90
       C90         c        60        55        10        21       201        90
       C31         c        10        35        20       402       582        90
       C37         c         2        40        20       504       684        90
       C58         c        38         5        30       198       378        90
       C82         c        75        55        20       404       584        90
       C51         c        25        30        10       766       946        90
       C96         c        60        80        10       120       300        90
       C52         c        25        35        10       944      1124        90
       C64         c        48        30        10       204       384        90
       C68         c        45        30        10       297       477        90
       C61         c        50        30        10       932      1112        90
       C67         c        47        40        10        13       193        90
       C40         c        35        30        10        81       261        90
       C80         c        85        25        10       573       753        90
       C81         c        85        35        30       702       882        90
       C20         c        30        50        10        10       190        90
        C4         c        42        68        10       530       710        90
       C89         c        63        58        10       869      1049        90
       C46         c        30        32        30       543       723        90
        C8         c        38        68        20       947      1127        90
       C23         c        28        55        10        13       193        90
       C56         c        40         5        30       290       470        90
       C19         c        15        80        10       394       574        90
       C48         c        28        30        10       450       630        90
        C3         c        42        66        10       807       987        90
       C91         c        60        60        10       943      1123        90
       C95         c        62        80        30       212       392        90
       C29         c        20        50        10       110       290        90
       C43         c        33        35        10       729       909        90
       C62         c        50        35        20       109       289        90
       C94         c        65        82        10       305       485        90
       C36         c         5        45        10       222       402        90
       C73         c        92        30        10       234       414        90
       C63         c        50        40        50        15       195        90
       C79         c        87        30        10       386       566        90
        C9         c        38        70        10       909      1089        90
       C97         c        60        85        30       586       766        90
       C84         c        70        58        20       590       770        90
       C47         c        30        35        10       636       816        90
       C55         c        42        15        10       844      1024        90
       C78         c        88        35        20       609       789        90
       C15         c        20        80        40       677       857        90
       C76         c        90        35        10       517       697        90

Vehicle fuel tank capacity /79.69/
Vehicle load capacity /200.0/
Fuel consumption rate /1.0/
Inverse refueling rate /3.39/
Average Velocity /1.0/
