 StringID       Type         x         y    demand ReadyTime   DueDateServiceTime
        D0         d        40        50         0         0      3390         0
        S0         f        40        50         0         0      3390         0
        S1         f        73        52         0         0      3390         0
        S2         f        90        55         0         0      3390         0
        S3         f        55        79         0         0      3390         0
        S4         f        69        89         0         0      3390         0
        S5         f        32        80         0         0      3390         0
        S6         f        39        96         0         0      3390         0
        S7         f        23        80         0         0      3390         0
        S8         f         4        83         0         0      3390         0
        S9         f        18        58         0         0      3390         0
       S10         f         1        56         0         0      3390         0
       S11         f        13        31         0         0      3390         0
       S12         f        -5        38         0         0      3390         0
       S13         f        26        37         0         0      3390         0
       S14         f        28        13         0         0      3390         0
       S15         f        39        31         0         0      3390         0
       S16         f        48        11         0         0      3390         0
       S17         f        59        17         0         0      3390         0
       S18         f        73        23         0         0      3390         0
       S19         f        74        32         0         0      3390         0
       S20         f        90        44         0         0      3390         0
       C28         c         4        55        20      1513      1833        90
       C52         c        25        35        10       322       642        90
       C93         c        42        58        40      1289      1609        90
       C70         c        95        30        30       955      1275        90
       C54         c        42        10        40      1686      2006        90
       C26         c         8        62        10      1194      1514        90
       C23         c        14        66        10      1096      1416        90
       C89         c        56        64        10        22       342        90
       C92         c        67        85        20       523       843        90
       C19         c        15        80        10       710      1030        90
       C88         c        65        60        30        51       371        90
       C85         c        86        46        30       663       983        90
        C6         c        16        42        20      2464      2784        90
       C90         c        60        55        10        21       341        90
       C60         c        35         5        20      1312      1632        90
       C39         c         0        45        20      1802      2122        90
       C94         c        65        82        10       429       749        90
       C40         c        36        18        10       888      1208        90
       C55         c        42        15        10      1781      2101        90
       C17         c        18        75        20       898      1218        90
        C3         c        62        69        10        50       370        90
       C41         c        35        32        10        40       360        90
       C80         c        85        25        10      1147      1467        90
       C95         c        62        80        30       336       656        90
       C61         c        50        30        10      2259      2579        90
       C82         c        75        55        20       428       748        90
       C75         c        45        65        20      1099      1419        90
       C79         c        87        30        10      1242      1562        90
       C51         c        25        30        10       507       827        90
       C32         c        10        40        30      2367      2687        90
       C42         c        33        32        20       132       452        90
       C30         c        20        55        10      2657      2977        90
       C20         c        30        50        10      2940      3260        90
       C84         c        70        58        20       241       561        90
       C91         c        60        60        10        23       343        90
       C56         c        40         5        30      1497      1817        90
       C62         c        50        35        20      2540      2860        90
        C2         c        45        70        30      1004      1324        90
       C16         c        20        85        40       613       933        90
       C97         c        60        85        30       620       940        90
       C15         c        20        80        40       331       651        90
       C81         c        85        35        30      1337      1657        90
       C29         c        20        50        10      2562      2882        90
       C64         c        48        30        10      2167      2487        90
        C9         c        28        70        10       138       458        90
       C53         c        44         5        20      1591      1911        90
       C58         c        38         5        30      1405      1725        90
        C4         c        60        66        10        26       346        90
       C71         c        95        35        20       860      1180        90
       C77         c        72        45        10      1534      1854        90

Vehicle fuel tank capacity /117.78/
Vehicle load capacity /700.0/
Fuel consumption rate /1.0/
Inverse refueling rate /2.29/
Average Velocity /1.0/
