 StringID       Type         x         y    demand ReadyTime   DueDateServiceTime
        D0         d        35        35         0         0       230         0
        S0         f        35        35         0         0       230         0
        S1         f        61        37         0         0       230         0
        S2         f        74        39         0         0       230         0
        S3         f        47        57         0         0       230         0
        S4         f        57        65         0         0       230         0
        S5         f        29        59         0         0       230         0
        S6         f        34        71         0         0       230         0
        S7         f        22        58         0         0       230         0
        S8         f         7        61         0         0       230         0
        S9         f        18        41         0         0       230         0
       S10         f         5        39         0         0       230         0
       S11         f        14        20         0         0       230         0
       S12         f         0        26         0         0       230         0
       S13         f        24        25         0         0       230         0
       S14         f        26         6         0         0       230         0
       S15         f        34        20         0         0       230         0
       S16         f        41         5         0         0       230         0
       S17         f        50         9         0         0       230         0
       S18         f        61        14         0         0       230         0
       S19         f        62        21         0         0       230         0
       S20         f        74        30         0         0       230         0
       C57         c        32        12         7       186       196        10
       C98         c        19        21        10       104       114        10
       C43         c        23         3         7        43        53        10
       C84         c        11        31         7        96       106        10
       C18         c        20        40        12       127       137        10
        C2         c        35        17         7        97       107        10
       C38         c         5         5        16        63        73        10
       C71         c        57        68        15       117       127        10
       C58         c        36        26        18       112       122        10
       C55         c        63        23         2        80        90        10
       C72         c        47        16        25       111       121        10
       C87         c        28        18        26       166       176        10
        C6         c        25        30         3        95       105        10
       C27         c        35        40        16       173       183        10
       C65         c        47        74        20        68        78        10
       C26         c        45        30        17       174       184        10
       C51         c        49        58        10       178       188        10
       C93         c        18        24        22       113       123        10
       C61         c        12        24        13        29        39        10
       C70         c        37        56         5        49        59        10
       C97         c        25        21        12       142       152        10
        C7         c        20        50         5        88        98        10
       C64         c        56        58         9       111       121        10
       C62         c        24        58        19        41        51        10
       C49         c         6        68        30       152       162        10
       C14         c        15        10        20       157       167        10
       C53         c        37        31        14       167       177        10
       C41         c        42         7         5       181       191        10
       C15         c        30         5         8       114       124        10
       C75         c        49        11        18        59        69        10
       C37         c        20        20         8       188       198        10
       C46         c         2        48         1        50        60        10
       C89         c        26        35        15        45        55        10
       C47         c         8        56        27       156       166        10
       C40         c        40        25         9        34        44        10
       C12         c        50        35        19       177       187        10
       C77         c        53        43        14       150       160        10
       C28         c        41        37        16       203       213        10
       C68         c        56        39        36        57        67        10
       C73         c        44        17         9       136       146        10
        C4         c        55        20        19       107       117        10
       C74         c        46        13         8        27        37        10
       C36         c         2        60         5        78        88        10
        C9         c        55        60        16        70        80        10
       C44         c        11        14        18       171       181        10
       C91         c        15        19         1        87        97        10
       C24         c        65        35         3       180       190        10
       C29         c        64        42         9       117       127        10
      C100         c        18        18        17        88        98        10
       C96         c        22        27        11        28        38        10

Vehicle fuel tank capacity /62.14/
Vehicle load capacity /200.0/
Fuel consumption rate /1.0/
Inverse refueling rate /0.48/
Average Velocity /1.0/
