 StringID       Type         x         y    demand ReadyTime   DueDateServiceTime
        D0         d        35        35         0         0       230         0
        S0         f        35        35         0         0       230         0
        S1         f        61        37         0         0       230         0
        S2         f        74        39         0         0       230         0
        S3         f        47        57         0         0       230         0
        S4         f        57        65         0         0       230         0
        S5         f        29        59         0         0       230         0
        S6         f        34        71         0         0       230         0
        S7         f        22        58         0         0       230         0
        S8         f         7        61         0         0       230         0
        S9         f        18        41         0         0       230         0
       S10         f         5        39         0         0       230         0
       S11         f        14        20         0         0       230         0
       S12         f         0        26         0         0       230         0
       S13         f        24        25         0         0       230         0
       S14         f        26         6         0         0       230         0
       S15         f        34        20         0         0       230         0
       S16         f        41         5         0         0       230         0
       S17         f        50         9         0         0       230         0
       S18         f        61        14         0         0       230         0
       S19         f        62        21         0         0       230         0
       S20         f        74        30         0         0       230         0
       C51         c        49        58        10         0       193        10
       C25         c        65        20         6         0       186        10
       C63         c        27        69        10         0       185        10
       C37         c        20        20         8       188       198        10
       C39         c        60        12        31        50        60        10
       C15         c        30         5         8       114       124        10
       C67         c        67         5        25         0       176        10
       C65         c        72        30        20        68        78        10
       C77         c        53        43        14       150       160        10
       C92         c        22        22         2       124       134        10
       C78         c        61        52         3        94       104        10
       C71         c        57        68        15       117       127        10
       C22         c        45        10        18         0       193        10
       C24         c        65        35         3         0       190        10
       C80         c        56        37         6         0       198        10
       C88         c        26        52         9       166       176        10
       C84         c        11        31         7        96       106        10
       C52         c        27        43         9       111       121        10
       C27         c        35        40        16       173       183        10
       C19         c        15        60        17         0       187        10
       C59         c        21        24        28         0       202        10
       C55         c        63        23         2         0       189        10
       C60         c        17        34         3         0       201        10
        C8         c        10        43         9        27        37        10
       C32         c        35        69        23         0       186        10
       C54         c        57        29        18        88        98        10
       C14         c        15        10        20         0       187        10
       C46         c         2        48         1        50        60        10
       C26         c        45        30        17         0       208        10
       C30         c        40        60        21       163       173        10
       C68         c        56        39        36        57        67        10
       C85         c        16        22        41        93       103        10
       C12         c        50        35        19       177       187        10
       C62         c        24        58        19         0       194        10
       C45         c         6        38        16         0       190        10
       C82         c        15        47        16       169       179        10
        C3         c        55        45        13         0       197        10
       C49         c         6        68        30         0       176        10
        C1         c        41        49        10        36        46        10
       C35         c        63        65         8         0       178        10
       C96         c        22        27        11        28        38        10
       C29         c        64        42         9       117       127        10
       C97         c        25        21        12         0       202        10
       C43         c        23         3         7         0       185        10
       C47         c         8        56        27         0       185        10
       C74         c        46        13         8         0       195        10
       C31         c        31        52        27         0       202        10
       C36         c         2        60         5        78        88        10
       C41         c        42         7         5       181       191        10
        C7         c        20        50         5        88        98        10

Vehicle fuel tank capacity /62.14/
Vehicle load capacity /200.0/
Fuel consumption rate /1.0/
Inverse refueling rate /0.48/
Average Velocity /1.0/
