 StringID       Type         x         y    demand ReadyTime   DueDateServiceTime
        D0         d        35        35         0         0       230         0
        S0         f        35        35         0         0       230         0
        S1         f        61        37         0         0       230         0
        S2         f        74        39         0         0       230         0
        S3         f        47        57         0         0       230         0
        S4         f        57        65         0         0       230         0
        S5         f        29        59         0         0       230         0
        S6         f        34        71         0         0       230         0
        S7         f        22        58         0         0       230         0
        S8         f         7        61         0         0       230         0
        S9         f        18        41         0         0       230         0
       S10         f         5        39         0         0       230         0
       S11         f        14        20         0         0       230         0
       S12         f         0        26         0         0       230         0
       S13         f        24        25         0         0       230         0
       S14         f        26         6         0         0       230         0
       S15         f        34        20         0         0       230         0
       S16         f        41         5         0         0       230         0
       S17         f        50         9         0         0       230         0
       S18         f        61        14         0         0       230         0
       S19         f        62        21         0         0       230         0
       S20         f        74        30         0         0       230         0
       C16         c        10        20        19        30       138        10
       C18         c        20        40        12        92       172        10
        C4         c        55        20        19        88       136        10
       C54         c        57        29        18        48       138        10
       C98         c        19        21        10        66       152        10
       C11         c        20        65        12        95       186        10
       C19         c        15        60        17        87       187        10
       C81         c        55        54        26        28       108        10
       C37         c        20        20         8        49       198        10
      C100         c        18        18        17        93        93        10
       C45         c         6        38        16        39       190        10
       C12         c        50        35        19       151       205        10
       C51         c        49        58        10        92       193        10
       C46         c         2        48         1        78       184        10
       C43         c        23         3         7        43       185        10
       C38         c         5         5        16        60       177        10
       C33         c        53        52        11        25       155        10
       C93         c        18        24        22        94       142        10
       C17         c         5        30         2        41       115        10
       C99         c        20        26         9       112       174        10
       C68         c        56        39        36        22       140        10
       C44         c        11        14        18        82       188        10
        C1         c        41        49        10        16        72        10
       C14         c        15        10        20        35       135        10
       C72         c        47        16        25        57       175        10
       C92         c        22        22         2        55       201        10
       C64         c        15        77         9        59       132        10
       C57         c        32        12         7       109       196        10
       C95         c        25        24        20        71       205        10
       C94         c        26        27        27       128       207        10
       C13         c        30        25        23       117       208        10
       C36         c         2        60         5        51       146        10
        C3         c        55        45        13        23       197        10
       C90         c        31        67         3        85       159        10
       C10         c        30        60        16       117       194        10
       C49         c         6        68        30        59       151        10
       C42         c        24        12         5       126       178        10
       C23         c        55         5        29        48       183        10
       C87         c        28        18        26       167       175        10
       C56         c        53        12         6        30       153        10
       C26         c        45        30        17       119       208        10
        C7         c        20        50         5        69       117        10
       C25         c        65        20         6       102       186        10
       C78         c        61        52         3        32       181        10
       C59         c        21        24        28        60       152        10
       C69         c        37        47         6       109       203        10
       C71         c        57        68        15       123       180        10
       C22         c        45        10        18        27       118        10
       C24         c        65        35         3       109       190        10
       C86         c         4        18        35       140       180        10

Vehicle fuel tank capacity /67.12/
Vehicle load capacity /200.0/
Fuel consumption rate /1.0/
Inverse refueling rate /0.45/
Average Velocity /1.0/
