 StringID       Type         x         y    demand ReadyTime   DueDateServiceTime
        D0         d        35        35         0         0       230         0
        S0         f        35        35         0         0       230         0
        S1         f        61        37         0         0       230         0
        S2         f        74        39         0         0       230         0
        S3         f        47        57         0         0       230         0
        S4         f        57        65         0         0       230         0
        S5         f        29        59         0         0       230         0
        S6         f        34        71         0         0       230         0
        S7         f        22        58         0         0       230         0
        S8         f         7        61         0         0       230         0
        S9         f        18        41         0         0       230         0
       S10         f         5        39         0         0       230         0
       S11         f        14        20         0         0       230         0
       S12         f         0        26         0         0       230         0
       S13         f        24        25         0         0       230         0
       S14         f        26         6         0         0       230         0
       S15         f        34        20         0         0       230         0
       S16         f        41         5         0         0       230         0
       S17         f        50         9         0         0       230         0
       S18         f        61        14         0         0       230         0
       S19         f        62        21         0         0       230         0
       S20         f        74        30         0         0       230         0
       C87         c        28        18        26       171       171        10
       C30         c        40        60        21       118       194        10
       C32         c        35        69        23        96       186        10
       C48         c        13        52        36        78       192        10
       C12         c        50        35        19       160       204        10
       C13         c        30        25        23       117       208        10
       C46         c         2        48         1        74       184        10
       C63         c        27        69        10        47       185        10
       C65         c        62        77        20        68       136        10
       C40         c        40        25         9        12        73        10
       C17         c         5        30         2        43       113        10
       C45         c         6        38        16        30       190        10
       C58         c        36        26        18        74       160        10
       C18         c        20        40        12        93       171        10
       C44         c        11        14        18        78       188        10
       C47         c         8        56        27        64       185        10
       C93         c        18        24        22        99       137        10
       C25         c        65        20         6        48       130        10
       C82         c        15        47        16       124       196        10
       C99         c        20        26         9       116       170        10
       C80         c        56        37         6        42       184        10
       C74         c        46        13         8        25        84        10
       C56         c        53        12         6        30       161        10
       C86         c         4        18        35       147       173        10
       C51         c        49        58        10        89       193        10
       C94         c        26        27        27       130       207        10
       C89         c        26        35        15         9       133        10
       C91         c        15        19         1        26       160        10
       C78         c        61        52         3        32       188        10
       C62         c        24        58        19        26       121        10
       C64         c        15        77         9        95       164        10
       C71         c        57        68        15       132       180        10
       C69         c        37        47         6       108       204        10
       C57         c        32        12         7       110       196        10
       C68         c        56        39        36        22       147        10
       C83         c        14        37        11        93       198        10
        C7         c        20        50         5        74       112        10
        C1         c        41        49        10        18        64        10
       C22         c        45        10        18        27       119        10
       C38         c         5         5        16        56       177        10
       C67         c        67         5        25        60       162        10
       C54         c        57        29        18        47       139        10
        C8         c        10        43         9        27       123        10
       C76         c        49        42        13       103       204        10
       C55         c        63        23         2        31       185        10
       C66         c        49        73        25        53       179        10
       C28         c        41        37        16       101       213        10
       C29         c        64        42         9        82       162        10
       C23         c        55         5        29        48       183        10
       C24         c        65        35         3       111       190        10

Vehicle fuel tank capacity /65.80/
Vehicle load capacity /200.0/
Fuel consumption rate /1.0/
Inverse refueling rate /0.46/
Average Velocity /1.0/
