 StringID       Type         x         y    demand ReadyTime   DueDateServiceTime
        D0         d        40        50         0         0       240         0
        S0         f        40        50         0         0       240         0
        S1         f        73        52         0         0       240         0
        S2         f        90        55         0         0       240         0
        S3         f        55        79         0         0       240         0
        S4         f        69        89         0         0       240         0
        S5         f        32        80         0         0       240         0
        S6         f        39        96         0         0       240         0
        S7         f        23        80         0         0       240         0
        S8         f         4        83         0         0       240         0
        S9         f        18        58         0         0       240         0
       S10         f         1        56         0         0       240         0
       S11         f        13        31         0         0       240         0
       S12         f        -5        38         0         0       240         0
       S13         f        26        37         0         0       240         0
       S14         f        28        13         0         0       240         0
       S15         f        39        31         0         0       240         0
       S16         f        48        11         0         0       240         0
       S17         f        59        17         0         0       240         0
       S18         f        73        23         0         0       240         0
       S19         f        74        32         0         0       240         0
       S20         f        90        44         0         0       240         0
       C88         c        24        58        19        94       124        10
       C53         c        20        50         5         0       210        10
       C21         c        40         5        10         0       185        10
       C28         c        92        30        10         0       174        10
       C29         c        90        35        10       128       158        10
        C7         c        15        75        20       102       132        10
       C91         c        49        42        13         0       217        10
       C92         c        53        43        14         0       215        10
       C47         c         2        45        10         0       191        10
       C68         c        40        60        21         0       220        10
       C55         c        30        60        16         0       215        10
       C89         c        67         5        25       129       159        10
       C67         c        64        42         9         0       204        10
       C83         c        37        31        14         0       210        10
       C57         c        30        25        23         0       203        10
       C25         c        35         5        20         0       184        10
       C41         c        58        75        20       110       140        10
       C46         c        18        80        10         0       192        10
       C14         c         5        45        10         0       194        10
       C99         c        26        35        15         0       209        10
       C42         c        55        80        10        34        64        10
       C22         c        40        15        40         0       195        10
       C50         c        72        35        30         0       194        10
       C13         c         5        35        10         0       191        10
       C77         c        23         3         7        90       120        10
       C71         c        65        55        14         0       204        10
       C74         c        20        20         8         0       193        10
       C80         c        47        47        13         0       222        10
       C64         c        45        30        17        65        95        10
       C96         c        55        54        26         0       214        10
        C5         c        20        85        20         0       189        10
       C76         c        60        12        31         0       187        10
        C9         c        10        35        20         0       196        10
       C24         c        38        15        10         0       194        10
       C72         c        63        65         8         0       202        10
       C95         c        56        37         6         0       209        10
        C8         c        15        80        10         0       190        10
       C19         c        42        10        40         0       189        10
       C54         c        55        60        16         0       211        10
       C66         c        41        37        16         0       216        10
        C4         c        20        80        40        61        91        10
       C44         c        55        82        10         0       194        10
       C43         c        55        85        20         0       191        10
       C40         c        60        85        30         0       189        10
       C11         c         8        40        40         0       196        10
       C48         c        42         5        10         0       184        10
       C81         c        49        58        10         0       217        10
       C60         c        15        60        17         0       203        10
        C6         c        18        75        20         0       196        10
       C30         c        88        30        10         0       178        10

Vehicle fuel tank capacity /79.69/
Vehicle load capacity /200.0/
Fuel consumption rate /1.0/
Inverse refueling rate /0.38/
Average Velocity /1.0/
