 StringID       Type         x         y    demand ReadyTime   DueDateServiceTime
        D0         d        40        50         0         0       960         0
        S0         f        40        50         0         0       960         0
        S1         f        73        52         0         0       960         0
        S2         f        90        55         0         0       960         0
        S3         f        55        79         0         0       960         0
        S4         f        69        89         0         0       960         0
        S5         f        32        80         0         0       960         0
        S6         f        39        96         0         0       960         0
        S7         f        23        80         0         0       960         0
        S8         f         4        83         0         0       960         0
        S9         f        18        58         0         0       960         0
       S10         f         1        56         0         0       960         0
       S11         f        13        31         0         0       960         0
       S12         f        -5        38         0         0       960         0
       S13         f        26        37         0         0       960         0
       S14         f        28        13         0         0       960         0
       S15         f        39        31         0         0       960         0
       S16         f        48        11         0         0       960         0
       S17         f        59        17         0         0       960         0
       S18         f        73        23         0         0       960         0
       S19         f        74        32         0         0       960         0
       S20         f        90        44         0         0       960         0
       C10         c        10        40        30       317       615        10
        C9         c        10        35        20       475       916        10
       C34         c        85        35        30        48       435        10
       C20         c        42        15        10       153       383        10
       C85         c        63        23         2        36       676        10
       C30         c        88        30        10       324       628        10
       C15         c         2        40        20       648       910        10
       C32         c        87        30        10        52       403        10
        C2         c        22        75        30        31       494        10
       C88         c        24        58        19       395       847        10
       C82         c        27        43         9       423       715        10
       C46         c        18        80        10       498       912        10
       C71         c        65        55        14       707       924        10
       C89         c        67         5        25       437       897        10
       C92         c        53        43        14       361       935        10
       C37         c        65        82        10        41       627        10
       C16         c         0        40        20        42       464        10
       C29         c        90        35        10       401       721        10
       C54         c        55        60        16       439       795        10
       C52         c        25        30         3       360       866        10
       C38         c        62        80        30        38       495        10
       C49         c        42        12        10        87       449        10
       C94         c        57        48        23       624       932        10
       C19         c        42        10        40        41       432        10
        C1         c        25        85        20       254       466        10
       C55         c        30        60        16       379       935        10
       C27         c        95        35        20       309       892        10
       C69         c        31        52        27        10       379        10
       C33         c        85        25        10       389       898        10
       C60         c        15        60        17        27       429        10
       C13         c         5        35        10        39       393        10
       C11         c         8        40        40       284       638        10
       C62         c        65        35         3        30       396        10
       C35         c        67        85        20       361       905        10
       C63         c        65        20         6       111       641        10
        C8         c        15        80        10       316       684        10
      C100         c        31        67         3       528       528        10
       C96         c        55        54        26       254       420        10
       C75         c         5         5        16       311       577        10
       C95         c        56        37         6       327       851        10
       C56         c        50        35        19        19       499        10
       C36         c        65        85        40       392       762        10
       C12         c         8        45        20       711       917        10
        C5         c        20        85        20       395       909        10
       C44         c        55        82        10       304       716        10
       C31         c        88        35        20       151       899        10
       C59         c        10        20        19       536       894        10
       C83         c        37        31        14       294       692        10
       C74         c        20        20         8       661       913        10
        C4         c        20        80        40       681       863        10

Vehicle fuel tank capacity /212.23/
Vehicle load capacity /1000.0/
Fuel consumption rate /1.0/
Inverse refueling rate /0.14/
Average Velocity /1.0/
