 StringID       Type         x         y    demand ReadyTime   DueDateServiceTime
        D0         d        40        50         0         0      1236         0
        S0         f        40        50         0         0      1236         0
        S1         f        73        52         0         0      1236         0
        S2         f        90        55         0         0      1236         0
        S3         f        55        79         0         0      1236         0
        S4         f        69        89         0         0      1236         0
        S5         f        32        80         0         0      1236         0
        S6         f        39        96         0         0      1236         0
        S7         f        23        80         0         0      1236         0
        S8         f         4        83         0         0      1236         0
        S9         f        18        58         0         0      1236         0
       S10         f         1        56         0         0      1236         0
       S11         f        13        31         0         0      1236         0
       S12         f        -5        38         0         0      1236         0
       S13         f        26        37         0         0      1236         0
       S14         f        28        13         0         0      1236         0
       S15         f        39        31         0         0      1236         0
       S16         f        48        11         0         0      1236         0
       S17         f        59        17         0         0      1236         0
       S18         f        73        23         0         0      1236         0
       S19         f        74        32         0         0      1236         0
       S20         f        90        44         0         0      1236         0
       C58         c        38         5        30       159       417        90
       C62         c        50        35        20        79       319        90
       C30         c        20        55        10       276       486        90
        C1         c        45        68        10        19       271        90
       C72         c        53        30        10       828      1030        90
       C88         c        65        60        30       748       984        90
        C6         c        40        69        20       594       830        90
       C82         c        75        55        20       355       633        90
       C46         c        30        32        30       504       762        90
       C47         c        30        35        10       614       838        90
       C69         c        45        35        10       344       620        90
       C90         c        60        55        10        21       274        90
       C44         c        32        30        10       231       481        90
       C48         c        28        30        10       425       655        90
       C68         c        45        30        10       254       520        90
       C10         c        35        66        10       679       945        90
       C85         c        68        60        30       628       918        90
        C4         c        42        68        10       476       764        90
       C13         c        22        75        30       858      1115        90
       C59         c        38        15        10        36       269        90
       C87         c        65        55        20        26       263        90
       C75         c        45        65        20        16       317        90
       C14         c        22        85        10       166       424        90
       C25         c        25        52        40        46       344        90
       C57         c        40        15        40       813      1111        90
       C34         c         8        45        20       120       318        90
       C12         c        25        85        20        96       308        90
       C51         c        25        30        10       723       989        90
       C77         c        88        30        10       435       699        90
      C100         c        55        85        20       662       880        90
       C98         c        58        75        20        80       348        90
        C2         c        45        70        30       417       635        90
       C78         c        88        35        20       569       829        90
        C8         c        38        68        20       854      1127        90
       C97         c        60        85        30       551       801        90
       C15         c        20        80        40       677       857        90
       C84         c        70        58        20       560       800        90
       C61         c        50        30        10       784      1123        90
       C64         c        48        30        10       170       418        90
       C26         c        25        55        10       565       851        90
       C42         c        33        32        20       162       366        90
       C83         c        72        55        10       463       711        90
       C60         c        35         5        20       110       339        90
       C45         c        30        30        10       339       557        90
       C29         c        20        50        10        97       303        90
       C23         c        28        55        10        13       241        90
       C63         c        50        40        50        15       295        90
       C95         c        62        80        30       191       413        90
       C37         c         2        40        20       495       693        90
       C92         c        67        85        20       367       611        90

Vehicle fuel tank capacity /79.69/
Vehicle load capacity /200.0/
Fuel consumption rate /1.0/
Inverse refueling rate /3.39/
Average Velocity /1.0/
