 StringID       Type         x         y    demand ReadyTime   DueDateServiceTime
        D0         d        40        50         0         0      3390         0
        S0         f        40        50         0         0      3390         0
        S1         f        73        52         0         0      3390         0
        S2         f        90        55         0         0      3390         0
        S3         f        55        79         0         0      3390         0
        S4         f        69        89         0         0      3390         0
        S5         f        32        80         0         0      3390         0
        S6         f        39        96         0         0      3390         0
        S7         f        23        80         0         0      3390         0
        S8         f         4        83         0         0      3390         0
        S9         f        18        58         0         0      3390         0
       S10         f         1        56         0         0      3390         0
       S11         f        13        31         0         0      3390         0
       S12         f        -5        38         0         0      3390         0
       S13         f        26        37         0         0      3390         0
       S14         f        28        13         0         0      3390         0
       S15         f        39        31         0         0      3390         0
       S16         f        48        11         0         0      3390         0
       S17         f        59        17         0         0      3390         0
       S18         f        73        23         0         0      3390         0
       S19         f        74        32         0         0      3390         0
       S20         f        90        44         0         0      3390         0
        C1         c        52        75        10       746      1386        90
        C2         c        45        70        30       844      1484        90
        C3         c        62        69        10        30       670        90
        C4         c        60        66        10        26       666        90
        C5         c        42        65        10      1032      1672        90
        C6         c        16        42        20      2304      2944        90
        C7         c        58        70        20        27       667        90
        C8         c        34        60        20        12       652        90
        C9         c        28        70        10        24       664        90
       C10         c        35        66        10        17       657        90
       C11         c        35        69        10        20       660        90
       C12         c        25        85        20       268       908        90
       C13         c        22        75        30        76       716        90
       C14         c        22        85        10       361      1001        90
       C15         c        20        80        40       171       811        90
       C16         c        20        85        40       453      1093        90
       C17         c        18        75        20       738      1378        90
       C18         c        15        75        20       645      1285        90
       C19         c        15        80        10       550      1190        90
       C20         c        30        50        10      2650      3290        90
       C21         c        30        56        20      2648      3288        90
       C22         c        28        52        20      2647      3287        90
       C23         c        14        66        10       936      1576        90
       C24         c        25        50        10      2645      3285        90
       C25         c        22        66        40       838      1478        90
       C26         c         8        62        10      1034      1674        90
       C27         c        23        52        10      2592      3232        90
       C28         c         4        55        20      1353      1993        90
       C29         c        20        50        10      2402      3042        90
       C30         c        20        55        10      2497      3137        90
       C31         c        10        35        20      2020      2660        90
       C32         c        10        40        30      2207      2847        90
       C33         c         8        40        40      2115      2755        90
       C34         c         8        45        20      1454      2094        90
       C35         c         5        35        10      1925      2565        90
       C36         c         5        45        10      1547      2187        90
       C37         c         2        40        20      1829      2469        90
       C38         c         0        40        30      1737      2377        90
       C39         c         0        45        20      1642      2282        90
       C40         c        36        18        10       728      1368        90
       C41         c        35        32        10        19       659        90
       C42         c        33        32        20        20       660        90
       C43         c        33        35        10        17       657        90
       C44         c        32        20        10       634      1274        90
       C45         c        30        30        10       442      1082        90
       C46         c        34        25        30       538      1178        90
       C47         c        30        35        10        67       707        90
       C48         c        36        40        10        11       651        90
       C49         c        48        20        10      1719      2359        90
       C50         c        26        32        10       255       895        90
       C51         c        25        30        10       347       987        90
       C52         c        25        35        10       162       802        90
       C53         c        44         5        20      1431      2071        90
       C54         c        42        10        40      1526      2166        90
       C55         c        42        15        10      1621      2261        90
       C56         c        40         5        30      1337      1977        90
       C57         c        38        15        40       961      1601        90
       C58         c        38         5        30      1245      1885        90
       C59         c        38        10        10      1056      1696        90
       C60         c        35         5        20      1152      1792        90
       C61         c        50        30        10      2099      2739        90
       C62         c        50        35        20      2380      3020        90
       C63         c        50        40        50      1670      2310        90
       C64         c        48        30        10      2007      2647        90
       C65         c        44        25        10      1816      2456        90
       C66         c        47        35        10      2473      3113        90
       C67         c        47        40        10      1763      2403        90
       C68         c        42        30        10      1911      2551        90
       C69         c        45        35        10      2565      3205        90
       C70         c        95        30        30       795      1435        90
       C71         c        95        35        20       700      1340        90
       C72         c        53        30        10      2192      2832        90
       C73         c        92        30        10       888      1528        90
       C74         c        53        35        50      2287      2927        90
       C75         c        45        65        20       939      1579        90
       C76         c        90        35        10       605      1245        90
       C77         c        72        45        10      1374      2014        90
       C78         c        78        40        20      1276      1916        90
       C79         c        87        30        10      1082      1722        90
       C80         c        85        25        10       987      1627        90
       C81         c        85        35        30      1177      1817        90
       C82         c        75        55        20       268       908        90
       C83         c        72        55        10       175       815        90
       C84         c        70        58        20        81       721        90
       C85         c        86        46        30       503      1143        90
       C86         c        66        55        10        27       667        90
       C87         c        64        46        20      1472      2112        90
       C88         c        65        60        30        27       667        90
       C89         c        56        64        10        22       662        90
       C90         c        60        55        10        21       661        90
       C91         c        60        60        10        23       663        90
       C92         c        67        85        20       363      1003        90
       C93         c        42        58        40      1129      1769        90
       C94         c        65        82        10       269       909        90
       C95         c        62        80        30       176       816        90
       C96         c        62        40        10      1568      2208        90
       C97         c        60        85        30       460      1100        90
       C98         c        58        75        20        79       719        90
       C99         c        55        80        10       650      1290        90
      C100         c        55        85        20       555      1195        90

Vehicle fuel tank capacity /117.66/
Vehicle load capacity /700.0/
Fuel consumption rate /1.0/
Inverse refueling rate /2.29/
Average Velocity /1.0/
