 StringID       Type         x         y    demand ReadyTime   DueDateServiceTime
        D0         d        35        35         0         0       230         0
        S0         f        35        35         0         0       230         0
        S1         f        61        37         0         0       230         0
        S2         f        74        39         0         0       230         0
        S3         f        47        57         0         0       230         0
        S4         f        57        65         0         0       230         0
        S5         f        29        59         0         0       230         0
        S6         f        34        71         0         0       230         0
        S7         f        22        58         0         0       230         0
        S8         f         7        61         0         0       230         0
        S9         f        18        41         0         0       230         0
       S10         f         5        39         0         0       230         0
       S11         f        14        20         0         0       230         0
       S12         f         0        26         0         0       230         0
       S13         f        24        25         0         0       230         0
       S14         f        26         6         0         0       230         0
       S15         f        34        20         0         0       230         0
       S16         f        41         5         0         0       230         0
       S17         f        50         9         0         0       230         0
       S18         f        61        14         0         0       230         0
       S19         f        62        21         0         0       230         0
       S20         f        74        30         0         0       230         0
        C1         c        41        49        10        16       119        10
       C13         c        30        25        23        87       208        10
       C10         c        30        60        16        80       194        10
       C14         c        15        10        20        33       158        10
       C46         c         2        48         1        56       184        10
       C92         c        22        22         2        53       201        10
       C17         c         5        30         2        31       143        10
       C26         c        45        30        17        88       208        10
       C52         c        27        43         9        46       186        10
       C66         c        49        73        25        53       179        10
       C78         c        61        52         3        32       182        10
       C73         c        44        17         9        90       192        10
       C61         c        12        24        13        26       194        10
       C31         c        31        52        27        18       188        10
       C34         c        65        55        14        58       183        10
       C59         c        21        24        28        46       166        10
       C58         c        36        26        18        58       176        10
        C4         c        55        20        19        63       161        10
       C68         c        56        39        36        22       156        10
       C64         c        15        77         9        59       164        10
       C40         c        40        25         9        12       120        10
       C53         c        37        31        14        91       215        10
        C6         c        25        30         3        32       168        10
       C51         c        49        58        10        68       193        10
       C81         c        55        54        26        28       143        10
        C5         c        15        30        26        58       199        10
       C85         c        16        22        41        24       180        10
       C95         c        25        24        20        63       205        10
        C2         c        35        17         7        35       169        10
       C37         c        20        20         8        49       198        10
       C62         c        24        58        19        26       148        10
       C49         c         6        68        30        58       176        10
       C65         c        62        77        20        68       170        10
       C72         c        47        16        25        49       183        10
       C50         c        47        47        13        70       176        10
       C60         c        17        34         3        19       146        10
       C90         c        31        67         3        66       178        10
       C28         c        41        37        16        84       213        10
       C43         c        23         3         7        43       185        10
       C96         c        22        27        11        16       113        10
       C11         c        20        65        12        63       183        10
       C69         c        37        47         6        85       207        10
       C16         c        10        20        19        30       159        10
       C56         c        53        12         6        30       166        10
       C42         c        24        12         5        93       194        10
       C36         c         2        60         5        59       178        10
       C93         c        18        24        22        69       167        10
       C99         c        20        26         9        90       196        10
       C55         c        63        23         2        31       177        10
        C3         c        55        45        13        23       187        10

Vehicle fuel tank capacity /65.48/
Vehicle load capacity /200.0/
Fuel consumption rate /1.0/
Inverse refueling rate /0.46/
Average Velocity /1.0/
