 StringID       Type         x         y    demand ReadyTime   DueDateServiceTime
        D0         d        35        35         0         0      1000         0
        S0         f        35        35         0         0      1000         0
        S1         f        61        37         0         0      1000         0
        S2         f        74        39         0         0      1000         0
        S3         f        47        57         0         0      1000         0
        S4         f        57        65         0         0      1000         0
        S5         f        29        59         0         0      1000         0
        S6         f        34        71         0         0      1000         0
        S7         f        22        58         0         0      1000         0
        S8         f         7        61         0         0      1000         0
        S9         f        18        41         0         0      1000         0
       S10         f         5        39         0         0      1000         0
       S11         f        14        20         0         0      1000         0
       S12         f         0        26         0         0      1000         0
       S13         f        24        25         0         0      1000         0
       S14         f        26         6         0         0      1000         0
       S15         f        34        20         0         0      1000         0
       S16         f        41         5         0         0      1000         0
       S17         f        50         9         0         0      1000         0
       S18         f        61        14         0         0      1000         0
       S19         f        62        21         0         0      1000         0
       S20         f        74        30         0         0      1000         0
       C26         c        45        30        17         0       978        10
       C95         c        25        24        20        15       179        10
       C46         c         2        48         1        58       194        10
       C98         c        19        21        10         0       968        10
       C75         c        49        11        18         0       962        10
       C38         c         5         5        16         0       947        10
       C29         c        64        42         9       847       960        10
       C48         c        13        52        36       418       558        10
       C58         c        36        26        18       399       515        10
       C12         c        50        35        19       850       934        10
        C9         c        55        60        16       558       700        10
       C88         c        26        52         9       318       464        10
       C77         c        53        43        14        86       224        10
        C8         c        10        43         9         0       963        10
        C3         c        55        45        13       737       945        10
       C87         c        28        18        26       530       568        10
       C35         c        63        65         8         0       948        10
       C37         c        20        20         8         0       968        10
       C51         c        49        58        10       776       906        10
       C19         c        15        60        17         0       957        10
       C47         c         8        56        27       619       763        10
       C57         c        32        12         7       471       587        10
       C64         c        15        77         9       719       821        10
       C13         c        30        25        23        12       133        10
       C34         c        65        55        14        63       191        10
       C45         c         6        38        16       779       960        10
       C49         c         6        68        30         0       946        10
       C78         c        61        52         3       230       408        10
       C41         c        42         7         5       782       912        10
       C67         c        67         5        25        69       199        10
       C25         c        65        20         6        69       183        10
       C24         c        65        35         3         0       960        10
       C44         c        11        14        18       578       714        10
       C72         c        47        16        25       104       252        10
       C43         c        23         3         7       381       559        10
        C2         c        35        17         7        18       166        10
       C30         c        40        60        21       520       628        10
       C16         c        10        20        19       527       665        10
       C97         c        25        21        12       566       636        10
        C4         c        55        20        19         0       965        10
       C84         c        11        31         7         0       965        10
       C61         c        12        24        13       329       551        10
       C86         c         4        18        35       877       947        10
       C83         c        14        37        11       545       677        10
       C23         c        55         5        29        94       274        10
       C69         c        37        47         6         0       977        10
       C40         c        40        25         9       733       829        10
       C92         c        22        22         2       223       399        10
       C93         c        18        24        22         0       969        10
       C42         c        24        12         5         0       964        10

Vehicle fuel tank capacity /238.34/
Vehicle load capacity /1000.0/
Fuel consumption rate /1.0/
Inverse refueling rate /0.13/
Average Velocity /1.0/
