 StringID       Type         x         y    demand ReadyTime   DueDateServiceTime
        D0         d        35        35         0         0      1000         0
        S0         f        35        35         0         0      1000         0
        S1         f        61        37         0         0      1000         0
        S2         f        74        39         0         0      1000         0
        S3         f        47        57         0         0      1000         0
        S4         f        57        65         0         0      1000         0
        S5         f        29        59         0         0      1000         0
        S6         f        34        71         0         0      1000         0
        S7         f        22        58         0         0      1000         0
        S8         f         7        61         0         0      1000         0
        S9         f        18        41         0         0      1000         0
       S10         f         5        39         0         0      1000         0
       S11         f        14        20         0         0      1000         0
       S12         f         0        26         0         0      1000         0
       S13         f        24        25         0         0      1000         0
       S14         f        26         6         0         0      1000         0
       S15         f        34        20         0         0      1000         0
       S16         f        41         5         0         0      1000         0
       S17         f        50         9         0         0      1000         0
       S18         f        61        14         0         0      1000         0
       S19         f        62        21         0         0      1000         0
       S20         f        74        30         0         0      1000         0
       C32         c        35        69        23         0       956        10
       C67         c        67         5        25         0       946        10
       C63         c        27        69        10       779       943        10
       C81         c        55        54        26        28       138        10
       C94         c        26        27        27       534       642        10
       C70         c        37        56         5         0       968        10
       C58         c        36        26        18         0       980        10
       C10         c        30        60        16       585       691        10
       C82         c        15        47        16       697       803        10
       C26         c        45        30        17         0       978        10
       C25         c        65        20         6        69       183        10
       C39         c        60        12        31       284       440        10
       C38         c         5         5        16         0       947        10
       C69         c        37        47         6         0       977        10
       C73         c        44        17         9         0       969        10
       C65         c        62        77        20       113       215        10
       C16         c        10        20        19       527       665        10
       C19         c        15        60        17         0       957        10
       C91         c        15        19         1       463       617        10
       C20         c        45        65         9       679       769        10
       C53         c        37        31        14         0       985        10
       C77         c        53        43        14        86       224        10
       C11         c        20        65        12         0       956        10
        C5         c        15        30        26        21       182        10
       C89         c        26        35        15         0       981        10
       C24         c        65        35         3         0       960        10
       C71         c        57        68        15         0       950        10
       C49         c         6        68        30         0       946        10
       C98         c        19        21        10         0       968        10
       C43         c        23         3         7         0       955        10
       C88         c        26        52         9         0       970        10
       C60         c        17        34         3       589       721        10
       C48         c        13        52        36         0       962        10
        C4         c        55        20        19         0       965        10
       C18         c        20        40        12       403       513        10
       C14         c        15        10        20         0       957        10
       C22         c        45        10        18         0       963        10
       C17         c         5        30         2         0       959        10
       C80         c        56        37         6         0       968        10
       C95         c        25        24        20        15       179        10
       C12         c        50        35        19       850       934        10
       C55         c        63        23         2       420       590        10
       C29         c        64        42         9       847       960        10
       C54         c        57        29        18        23       144        10
       C92         c        22        22         2       223       399        10
       C42         c        24        12         5         0       964        10
       C87         c        28        18        26       530       568        10
       C34         c        65        55        14         0       953        10
       C79         c        57        48        23         0       964        10
       C85         c        16        22        41         0       966        10

Vehicle fuel tank capacity /187.90/
Vehicle load capacity /1000.0/
Fuel consumption rate /1.0/
Inverse refueling rate /0.16/
Average Velocity /1.0/
