 StringID       Type         x         y    demand ReadyTime   DueDateServiceTime
        D0         d        35        35         0         0      1000         0
        S0         f        35        35         0         0      1000         0
        S1         f        61        37         0         0      1000         0
        S2         f        74        39         0         0      1000         0
        S3         f        47        57         0         0      1000         0
        S4         f        57        65         0         0      1000         0
        S5         f        29        59         0         0      1000         0
        S6         f        34        71         0         0      1000         0
        S7         f        22        58         0         0      1000         0
        S8         f         7        61         0         0      1000         0
        S9         f        18        41         0         0      1000         0
       S10         f         5        39         0         0      1000         0
       S11         f        14        20         0         0      1000         0
       S12         f         0        26         0         0      1000         0
       S13         f        24        25         0         0      1000         0
       S14         f        26         6         0         0      1000         0
       S15         f        34        20         0         0      1000         0
       S16         f        41         5         0         0      1000         0
       S17         f        50         9         0         0      1000         0
       S18         f        61        14         0         0      1000         0
       S19         f        62        21         0         0      1000         0
       S20         f        74        30         0         0      1000         0
       C17         c         5        30         2       659       945        10
       C64         c        15        77         9       629       911        10
       C67         c        67         5        25        44       433        10
       C36         c         2        60         5       577       948        10
       C90         c        31        67         3       442       726        10
       C34         c        65        55        14        37       424        10
       C98         c        19        21        10       315       651        10
       C46         c         2        48         1        36       450        10
       C50         c        47        47        13       433       673        10
       C58         c        36        26        18       288       626        10
       C60         c        17        34         3       454       856        10
       C63         c        27        69        10       424       955        10
       C16         c        10        20        19       385       807        10
       C43         c        23         3         7       180       760        10
       C81         c        55        54        26        28       338        10
       C32         c        35        69        23       312       662        10
        C6         c        25        30         3       391       873        10
       C25         c        65        20         6        34       358        10
       C15         c        30         5         8       697       959        10
       C18         c        20        40        12       301       615        10
       C35         c        63        65         8       404       948        10
       C85         c        16        22        41       326       966        10
       C93         c        18        24        22       512       696        10
       C91         c        15        19         1       295       785        10
       C57         c        32        12         7       360       698        10
       C94         c        26        27        27       434       742        10
       C49         c         6        68        30       583       946        10
       C29         c        64        42         9       639       960        10
        C4         c        55        20        19       701       883        10
       C38         c         5         5        16       432       888        10
       C77         c        53        43        14        20       441        10
       C31         c        31        52        27       224       972        10
       C99         c        20        26         9        28       266        10
        C1         c        41        49        10        16       229        10
       C83         c        14        37        11       412       810        10
       C80         c        56        37         6        22       541        10
       C45         c         6        38        16       366       960        10
       C27         c        35        40        16        97       679        10
       C11         c        20        65        12       584       938        10
       C26         c        45        30        17        19       367        10
       C68         c        56        39        36       162       622        10
       C23         c        55         5        29        37       625        10
        C8         c        10        43         9        27       395        10
        C3         c        55        45        13       266       967        10
       C22         c        45        10        18       607       963        10
       C86         c         4        18        35       804       954        10
       C61         c        12        24        13        61       819        10
       C48         c        13        52        36       274       702        10
       C73         c        44        17         9       765       969        10
       C14         c        15        10        20        42       436        10

Vehicle fuel tank capacity /181.83/
Vehicle load capacity /1000.0/
Fuel consumption rate /1.0/
Inverse refueling rate /0.16/
Average Velocity /1.0/
