 StringID       Type         x         y    demand ReadyTime   DueDateServiceTime
        D0         d        35        35         0         0      1000         0
        S0         f        35        35         0         0      1000         0
        S1         f        61        37         0         0      1000         0
        S2         f        74        39         0         0      1000         0
        S3         f        47        57         0         0      1000         0
        S4         f        57        65         0         0      1000         0
        S5         f        29        59         0         0      1000         0
        S6         f        34        71         0         0      1000         0
        S7         f        22        58         0         0      1000         0
        S8         f         7        61         0         0      1000         0
        S9         f        18        41         0         0      1000         0
       S10         f         5        39         0         0      1000         0
       S11         f        14        20         0         0      1000         0
       S12         f         0        26         0         0      1000         0
       S13         f        24        25         0         0      1000         0
       S14         f        26         6         0         0      1000         0
       S15         f        34        20         0         0      1000         0
       S16         f        41         5         0         0      1000         0
       S17         f        50         9         0         0      1000         0
       S18         f        61        14         0         0      1000         0
       S19         f        62        21         0         0      1000         0
       S20         f        74        30         0         0      1000         0
       C23         c        55         5        29        37       611        10
       C22         c        45        10        18       490       963        10
       C59         c        21        24        28        18       492        10
       C90         c        31        67         3       363       805        10
       C39         c        60        12        31        95       629        10
       C14         c        15        10        20        33       522        10
       C86         c         4        18        35       572       954        10
       C30         c        40        60        21       349       799        10
       C84         c        11        31         7       133       629        10
       C54         c        57        29        18        23       496        10
       C26         c        45        30        17        12       481        10
       C98         c        19        21        10       251       715        10
       C38         c         5         5        16       402       918        10
       C88         c        26        52         9       134       648        10
       C36         c         2        60         5       469       948        10
       C49         c         6        68        30       470       946        10
       C89         c        26        35        15       367       885        10
      C100         c        18        18        17        25       338        10
       C27         c        35        40        16       102       674        10
       C52         c        27        43         9        43       581        10
       C47         c         8        56        27       435       947        10
        C7         c        20        50         5        22       421        10
       C33         c        53        52        11        60       598        10
       C75         c        49        11        18       370       802        10
       C29         c        64        42         9       503       960        10
        C9         c        55        60        16       374       884        10
       C12         c        50        35        19       568       975        10
       C57         c        32        12         7       297       761        10
       C19         c        15        60        17        54       542        10
       C71         c        57        68        15       538       950        10
       C70         c        37        56         5        22       454        10
       C44         c        11        14        18       398       894        10
       C37         c        20        20         8       303       875        10
       C68         c        56        39        36       133       651        10
       C40         c        40        25         9       548       978        10
       C11         c        20        65        12       484       956        10
       C74         c        46        13         8       289       715        10
       C79         c        57        48        23        26       502        10
       C87         c        28        18        26       385       713        10
       C60         c        17        34         3       409       901        10
       C53         c        37        31        14       210       694        10
       C99         c        20        26         9        18       439        10
        C8         c        10        43         9        27       505        10
       C41         c        42         7         5       473       961        10
       C25         c        65        20         6        34       493        10
       C73         c        44        17         9       563       969        10
       C96         c        22        27        11       584       974        10
       C65         c        62        77        20        50       489        10
       C95         c        25        24        20        15       562        10
       C16         c        10        20        19       346       846        10

Vehicle fuel tank capacity /265.71/
Vehicle load capacity /1000.0/
Fuel consumption rate /1.0/
Inverse refueling rate /0.11/
Average Velocity /1.0/
