 StringID       Type         x         y    demand ReadyTime   DueDateServiceTime
        D0         d        40        50         0         0       240         0
        S0         f        40        50         0         0       240         0
        S1         f        73        52         0         0       240         0
        S2         f        90        55         0         0       240         0
        S3         f        55        79         0         0       240         0
        S4         f        69        89         0         0       240         0
        S5         f        32        80         0         0       240         0
        S6         f        39        96         0         0       240         0
        S7         f        23        80         0         0       240         0
        S8         f         4        83         0         0       240         0
        S9         f        18        58         0         0       240         0
       S10         f         1        56         0         0       240         0
       S11         f        13        31         0         0       240         0
       S12         f        -5        38         0         0       240         0
       S13         f        26        37         0         0       240         0
       S14         f        28        13         0         0       240         0
       S15         f        39        31         0         0       240         0
       S16         f        48        11         0         0       240         0
       S17         f        59        17         0         0       240         0
       S18         f        73        23         0         0       240         0
       S19         f        74        32         0         0       240         0
       S20         f        90        44         0         0       240         0
       C32         c        87        30        10        67       157        10
       C65         c        35        40        16        12        89        10
       C44         c        55        82        10        36       138        10
       C18         c        44         5        20        53       136        10
       C98         c        26        52         9       115       201        10
       C99         c        26        35        15        32       100        10
       C58         c        15        10        20        56       144        10
       C10         c        10        40        30        64       144        10
       C11         c         8        40        40        56       146        10
        C2         c        22        75        30        44       154        10
       C53         c        20        50         5        20       116        10
       C86         c        21        24        28       139       191        10
        C3         c        22        85        10        40       190        10
       C62         c        65        35         3        30       123        10
       C24         c        38        15        10        82       164        10
       C90         c        37        47         6       121       199        10
       C19         c        42        10        40        48       146        10
       C68         c        40        60        21        59       169        10
       C61         c        45        65         9        47       214        10
       C71         c        65        55        14        33        97        10
       C47         c         2        45        10        39       148        10
       C85         c        63        23         2        36       180        10
       C15         c         2        40        20        81       155        10
       C39         c        60        80        10        56       174        10
       C79         c         6        68        30        39       131        10
      C100         c        31        67         3        20        43        10
       C42         c        55        80        10        34        96        10
       C25         c        35         5        20        84       168        10
       C70         c        35        69        23        61       135        10
       C34         c        85        35        30        85       182        10
       C76         c        60        12        31        55       152        10
       C54         c        55        60        16       120       211        10
       C89         c        67         5        25        67       177        10
        C6         c        18        75        20        63       177        10
       C91         c        49        42        13        33       149        10
       C50         c        72        35        30       125       194        10
       C22         c        40        15        40        76       166        10
        C8         c        15        80        10        64       156        10
       C16         c         0        40        20        85       188        10
       C66         c        41        37        16        14       126        10
       C45         c        20        82        10        38       174        10
       C92         c        53        43        14        83       215        10
       C29         c        90        35        10        92       177        10
       C12         c         8        45        20        95       157        10
       C51         c        55        20        19        98       196        10
       C60         c        15        60        17       103       203        10
       C63         c        65        20         6        40       164        10
       C57         c        30        25        23        27       115        10
        C4         c        20        80        40        47       105        10
       C73         c         2        60         5        79       141        10

Vehicle fuel tank capacity /79.69/
Vehicle load capacity /200.0/
Fuel consumption rate /1.0/
Inverse refueling rate /0.38/
Average Velocity /1.0/
