 StringID       Type         x         y    demand ReadyTime   DueDateServiceTime
        D0         d        40        50         0         0       240         0
        S0         f        40        50         0         0       240         0
        S1         f        73        52         0         0       240         0
        S2         f        90        55         0         0       240         0
        S3         f        55        79         0         0       240         0
        S4         f        69        89         0         0       240         0
        S5         f        32        80         0         0       240         0
        S6         f        39        96         0         0       240         0
        S7         f        23        80         0         0       240         0
        S8         f         4        83         0         0       240         0
        S9         f        18        58         0         0       240         0
       S10         f         1        56         0         0       240         0
       S11         f        13        31         0         0       240         0
       S12         f        -5        38         0         0       240         0
       S13         f        26        37         0         0       240         0
       S14         f        28        13         0         0       240         0
       S15         f        39        31         0         0       240         0
       S16         f        48        11         0         0       240         0
       S17         f        59        17         0         0       240         0
       S18         f        73        23         0         0       240         0
       S19         f        74        32         0         0       240         0
       S20         f        90        44         0         0       240         0
       C66         c        41        37        16        14        44        10
       C82         c        27        43         9       114       144        10
       C55         c        30        60        16         0       215        10
       C67         c        64        42         9         0       204        10
      C100         c        31        67         3         0       210        10
       C39         c        60        80        10       100       130        10
       C98         c        26        52         9         0       215        10
       C36         c        65        85        40        57        87        10
       C72         c        63        65         8       106       136        10
       C47         c         2        45        10         0       191        10
       C14         c         5        45        10        36        66        10
       C85         c        63        23         2        65        95        10
        C9         c        10        35        20         0       196        10
       C64         c        45        30        17        65        95        10
        C6         c        18        75        20       105       135        10
       C97         c         4        18        35         0       181        10
        C1         c        25        85        20       161       191        10
       C49         c        42        12        10        85       115        10
       C81         c        49        58        10         0       217        10
       C60         c        15        60        17         0       203        10
       C30         c        88        30        10       129       159        10
       C80         c        47        47        13        44        74        10
       C86         c        21        24        28       150       180        10
       C24         c        38        15        10         0       194        10
        C8         c        15        80        10        95       125        10
       C11         c         8        40        40        86       116        10
        C5         c        20        85        20         0       189        10
       C10         c        10        40        30         0       198        10
       C31         c        88        35        20       102       132        10
       C90         c        37        47         6       145       175        10
       C29         c        90        35        10       128       158        10
       C99         c        26        35        15        51        81        10
       C51         c        55        20        19       149       179        10
       C20         c        42        15        10       119       149        10
       C91         c        49        42        13        76       106        10
       C43         c        55        85        20       107       137        10
       C37         c        65        82        10        56        86        10
       C15         c         2        40        20       103       133        10
       C42         c        55        80        10        34        64        10
       C84         c        57        29        18        73       103        10
       C25         c        35         5        20         0       184        10
       C87         c        12        24        13        58        88        10
       C70         c        35        69        23        83       113        10
       C17         c         0        45        20       159       189        10
       C41         c        58        75        20       110       140        10
       C77         c        23         3         7        90       120        10
       C48         c        42         5        10       154       184        10
       C74         c        20        20         8       119       149        10
       C92         c        53        43        14       140       170        10
       C96         c        55        54        26       178       208        10

Vehicle fuel tank capacity /79.69/
Vehicle load capacity /200.0/
Fuel consumption rate /1.0/
Inverse refueling rate /0.38/
Average Velocity /1.0/
