 StringID       Type         x         y    demand ReadyTime   DueDateServiceTime
        D0         d        40        50         0         0       240         0
        S0         f        40        50         0         0       240         0
        S1         f        73        52         0         0       240         0
        S2         f        90        55         0         0       240         0
        S3         f        55        79         0         0       240         0
        S4         f        69        89         0         0       240         0
        S5         f        32        80         0         0       240         0
        S6         f        39        96         0         0       240         0
        S7         f        23        80         0         0       240         0
        S8         f         4        83         0         0       240         0
        S9         f        18        58         0         0       240         0
       S10         f         1        56         0         0       240         0
       S11         f        13        31         0         0       240         0
       S12         f        -5        38         0         0       240         0
       S13         f        26        37         0         0       240         0
       S14         f        28        13         0         0       240         0
       S15         f        39        31         0         0       240         0
       S16         f        48        11         0         0       240         0
       S17         f        59        17         0         0       240         0
       S18         f        73        23         0         0       240         0
       S19         f        74        32         0         0       240         0
       S20         f        90        44         0         0       240         0
       C12         c         8        45        20       111       141        10
       C48         c        42         5        10       154       184        10
       C68         c        40        60        21        99       129        10
       C80         c        47        47        13        44        74        10
       C86         c        21        24        28       150       180        10
       C90         c        37        47         6       145       175        10
       C47         c         2        45        10        64        94        10
       C92         c        53        43        14       140       170        10
       C29         c        90        35        10       128       158        10
       C44         c        55        82        10        36        66        10
       C94         c        57        48        23       170       200        10
       C65         c        35        40        16        31        61        10
       C21         c        40         5        10       155       185        10
       C56         c        50        35        19       133       163        10
       C39         c        60        80        10       100       130        10
        C1         c        25        85        20       161       191        10
       C87         c        12        24        13        58        88        10
       C28         c        92        30        10       144       174        10
       C71         c        65        55        14        50        80        10
        C4         c        20        80        40        61        91        10
       C15         c         2        40        20       103       133        10
       C23         c        38         5        30        89       119        10
       C33         c        85        25        10        99       129        10
       C99         c        26        35        15        51        81        10
       C27         c        95        35        20       142       172        10
       C84         c        57        29        18        73       103        10
        C3         c        22        85        10       113       143        10
       C43         c        55        85        20       107       137        10
       C30         c        88        30        10       129       159        10
       C18         c        44         5        20        79       109        10
       C93         c        61        52         3        44        74        10
       C66         c        41        37        16        14        44        10
       C91         c        49        42        13        76       106        10
       C10         c        10        40        30        89       119        10
       C17         c         0        45        20       159       189        10
       C67         c        64        42         9       174       204        10
       C85         c        63        23         2        65        95        10
       C73         c         2        60         5        95       125        10
        C7         c        15        75        20       102       132        10
       C64         c        45        30        17        65        95        10
       C52         c        25        30         3        58        88        10
        C2         c        22        75        30        84       114        10
       C13         c         5        35        10        49        79        10
       C72         c        63        65         8       106       136        10
       C89         c        67         5        25       129       159        10
       C20         c        42        15        10       119       149        10
       C75         c        78        33        16        65        95        10
       C49         c        42        12        10        85       115        10
       C45         c        20        82        10        53        83        10
        C5         c        20        85        20       139       169        10

Vehicle fuel tank capacity /79.69/
Vehicle load capacity /200.0/
Fuel consumption rate /1.0/
Inverse refueling rate /0.38/
Average Velocity /1.0/
