 StringID       Type         x         y    demand ReadyTime   DueDateServiceTime
        D0         d        40        50         0         0       960         0
        S0         f        40        50         0         0       960         0
        S1         f        73        52         0         0       960         0
        S2         f        90        55         0         0       960         0
        S3         f        55        79         0         0       960         0
        S4         f        69        89         0         0       960         0
        S5         f        32        80         0         0       960         0
        S6         f        39        96         0         0       960         0
        S7         f        23        80         0         0       960         0
        S8         f         4        83         0         0       960         0
        S9         f        18        58         0         0       960         0
       S10         f         1        56         0         0       960         0
       S11         f        13        31         0         0       960         0
       S12         f        -5        38         0         0       960         0
       S13         f        26        37         0         0       960         0
       S14         f        28        13         0         0       960         0
       S15         f        39        31         0         0       960         0
       S16         f        48        11         0         0       960         0
       S17         f        59        17         0         0       960         0
       S18         f        73        23         0         0       960         0
       S19         f        74        32         0         0       960         0
       S20         f        90        44         0         0       960         0
       C53         c        20        50         5         0       930        10
       C60         c        15        60        17         0       923        10
        C6         c        18        75        20         0       916        10
       C23         c        38         5        30         0       904        10
       C44         c        55        82        10       450       570        10
       C83         c        37        31        14         0       930        10
       C61         c        45        65         9       618       738        10
       C66         c        41        37        16       584       704        10
       C29         c        90        35        10       501       621        10
      C100         c        31        67         3         0       930        10
        C3         c        22        85        10         0       910        10
       C63         c        65        20         6         0       910        10
       C72         c        63        65         8       331       451        10
       C98         c        26        52         9         0       935        10
       C12         c         8        45        20       797       917        10
       C77         c        23         3         7        50       170        10
       C55         c        30        60        16         0       935        10
       C24         c        38        15        10         0       914        10
       C42         c        55        80        10       520       640        10
       C20         c        42        15        10       208       328        10
       C18         c        44         5        20         0       904        10
       C84         c        57        29        18       802       922        10
       C22         c        40        15        40         0       915        10
       C50         c        72        35        30         0       914        10
       C28         c        92        30        10         0       894        10
        C1         c        25        85        20       300       420        10
       C26         c        95        30        30         0       891        10
       C16         c         0        40        20       180       300        10
       C69         c        31        52        27        10       130        10
       C14         c         5        45        10         0       914        10
       C33         c        85        25        10         0       898        10
       C30         c        88        30        10       416       536        10
       C97         c         4        18        35         0       901        10
       C36         c        65        85        40       517       637        10
       C75         c         5         5        16         0       892        10
       C94         c        57        48        23         0       932        10
        C2         c        22        75        30         0       919        10
       C89         c        67         5        25       777       897        10
       C91         c        49        42        13       439       559        10
       C54         c        55        60        16       557       677        10
       C82         c        27        43         9       509       629        10
       C51         c        55        20        19         0       916        10
       C78         c         8        56        27       352       472        10
       C73         c         2        60         5       290       410        10
       C35         c        67        85        20         0       905        10
       C25         c        35         5        20         0       904        10
       C85         c        63        23         2        98       218        10
       C68         c        40        60        21       744       864        10
       C13         c         5        35        10         0       911        10
       C64         c        45        30        17       628       748        10

Vehicle fuel tank capacity /209.92/
Vehicle load capacity /1000.0/
Fuel consumption rate /1.0/
Inverse refueling rate /0.14/
Average Velocity /1.0/
