 StringID       Type         x         y    demand ReadyTime   DueDateServiceTime
        D0         d        40        50         0         0       960         0
        S0         f        40        50         0         0       960         0
        S1         f        73        52         0         0       960         0
        S2         f        90        55         0         0       960         0
        S3         f        55        79         0         0       960         0
        S4         f        69        89         0         0       960         0
        S5         f        32        80         0         0       960         0
        S6         f        39        96         0         0       960         0
        S7         f        23        80         0         0       960         0
        S8         f         4        83         0         0       960         0
        S9         f        18        58         0         0       960         0
       S10         f         1        56         0         0       960         0
       S11         f        13        31         0         0       960         0
       S12         f        -5        38         0         0       960         0
       S13         f        26        37         0         0       960         0
       S14         f        28        13         0         0       960         0
       S15         f        39        31         0         0       960         0
       S16         f        48        11         0         0       960         0
       S17         f        59        17         0         0       960         0
       S18         f        73        23         0         0       960         0
       S19         f        74        32         0         0       960         0
       S20         f        90        44         0         0       960         0
       C94         c        57        48        23       690       868        10
       C30         c        88        30        10       389       563        10
       C61         c        45        65         9       305       934        10
       C57         c        30        25        23       182       390        10
       C26         c        95        30        30       673       891        10
       C79         c         6        68        30        39       272        10
        C9         c        10        35        20       559       869        10
       C84         c        57        29        18       642       922        10
       C91         c        49        42        13       319       679        10
       C53         c        20        50         5       201       453        10
       C67         c        64        42         9        26       285        10
       C72         c        63        65         8       226       556        10
       C16         c         0        40        20        94       386        10
       C74         c        20        20         8       791       913        10
       C65         c        35        40        16        13       163        10
       C18         c        44         5        20       720       904        10
       C20         c        42        15        10       218       318        10
       C95         c        56        37         6       392       786        10
       C85         c        63        23         2        36       546        10
       C86         c        21        24        28       423       443        10
       C71         c        65        55        14       812       898        10
        C4         c        20        80        40       746       798        10
       C15         c         2        40        20       742       874        10
       C55         c        30        60        16       508       934        10
       C28         c        92        30        10        67       359        10
       C69         c        31        52        27        10       249        10
       C38         c        62        80        30        38       365        10
       C88         c        24        58        19       460       782        10
       C99         c        26        35        15        21       129        10
       C41         c        58        75        20       187       447        10
       C23         c        38         5        30       100       558        10
       C32         c        87        30        10        79       299        10
       C98         c        26        52         9       175       381        10
       C90         c        37        47         6        63       217        10
       C56         c        50        35        19        69       419        10
       C73         c         2        60         5       313       387        10
        C6         c        18        75        20       142       494        10
       C58         c        15        10        20       399       607        10
        C3         c        22        85        10       113       683        10
       C24         c        38        15        10       129       313        10
       C48         c        42         5        10        46       344        10
       C92         c        53        43        14       491       935        10
       C42         c        55        80        10       545       615        10
       C21         c        40         5        10       420       744        10
       C45         c        20        82        10       448       912        10
       C97         c         4        18        35       830       854        10
       C80         c        47        47        13       215       603        10
       C66         c        41        37        16       474       814        10
       C70         c        35        69        23       391       525        10
        C8         c        15        80        10       381       619        10

Vehicle fuel tank capacity /194.58/
Vehicle load capacity /1000.0/
Fuel consumption rate /1.0/
Inverse refueling rate /0.15/
Average Velocity /1.0/
