 StringID       Type         x         y    demand ReadyTime   DueDateServiceTime
        D0         d        40        50         0         0      3390         0
        S0         f        40        50         0         0      3390         0
        S1         f        73        52         0         0      3390         0
        S2         f        90        55         0         0      3390         0
        S3         f        55        79         0         0      3390         0
        S4         f        69        89         0         0      3390         0
        S5         f        32        80         0         0      3390         0
        S6         f        39        96         0         0      3390         0
        S7         f        23        80         0         0      3390         0
        S8         f         4        83         0         0      3390         0
        S9         f        18        58         0         0      3390         0
       S10         f         1        56         0         0      3390         0
       S11         f        13        31         0         0      3390         0
       S12         f        -5        38         0         0      3390         0
       S13         f        26        37         0         0      3390         0
       S14         f        28        13         0         0      3390         0
       S15         f        39        31         0         0      3390         0
       S16         f        48        11         0         0      3390         0
       S17         f        59        17         0         0      3390         0
       S18         f        73        23         0         0      3390         0
       S19         f        74        32         0         0      3390         0
       S20         f        90        44         0         0      3390         0
       C21         c        30        56        20      3128      3288        90
       C60         c        35         5        20         0      3254        90
       C33         c         8        40        40         0      3266        90
       C24         c        25        50        10         0      3285        90
       C83         c        72        55        10       415       575        90
       C61         c        50        30        10         0      3277        90
       C37         c         2        40        20         0      3260        90
        C6         c        16        42        20      2544      2704        90
       C85         c        86        46        30         0      3253        90
       C99         c        55        80        10         0      3266        90
        C9         c        28        70        10         0      3276        90
       C17         c        18        75        20         0      3266        90
       C77         c        72        45        10         0      3267        90
       C46         c        34        25        30         0      3274        90
       C81         c        85        35        30      1417      1577        90
       C12         c        25        85        20         0      3261        90
       C78         c        78        40        20         0      3260        90
       C43         c        33        35        10         0      3283        90
       C45         c        30        30        10         0      3277        90
       C38         c         0        40        30      1977      2137        90
       C54         c        42        10        40         0      3259        90
       C22         c        28        52        20         0      3287        90
       C93         c        42        58        40         0      3291        90
       C27         c        23        52        10      2832      2992        90
        C3         c        62        69        10         0      3270        90
       C32         c        10        40        30      2447      2607        90
       C68         c        42        30        10         0      3279        90
       C35         c         5        35        10         0      3261        90
       C39         c         0        45        20      1882      2042        90
       C42         c        33        32        20         0      3280        90
       C71         c        95        35        20         0      3242        90
        C7         c        58        70        20         0      3273        90
       C76         c        90        35        10         0      3247        90
       C10         c        35        66        10        28       188        90
       C20         c        30        50        10         0      3290        90
        C1         c        52        75        10         0      3272        90
       C67         c        47        40        10         0      3287        90
       C28         c         4        55        20         0      3263        90
        C5         c        42        65        10         0      3284        90
       C29         c        20        50        10      2642      2802        90
       C75         c        45        65        20         0      3284        90
       C98         c        58        75        20         0      3269        90
       C63         c        50        40        50         0      3285        90
       C26         c         8        62        10         0      3265        90
       C70         c        95        30        30         0      3241        90
       C52         c        25        35        10       402       562        90
       C49         c        48        20        10         0      3268        90
       C80         c        85        25        10      1227      1387        90
       C79         c        87        30        10      1322      1482        90
       C64         c        48        30        10         0      3278        90

Vehicle fuel tank capacity /118.12/
Vehicle load capacity /700.0/
Fuel consumption rate /1.0/
Inverse refueling rate /2.29/
Average Velocity /1.0/
