 StringID       Type         x         y    demand ReadyTime   DueDateServiceTime
        D0         d        40        50         0         0      3390         0
        S0         f        40        50         0         0      3390         0
        S1         f        73        52         0         0      3390         0
        S2         f        90        55         0         0      3390         0
        S3         f        55        79         0         0      3390         0
        S4         f        69        89         0         0      3390         0
        S5         f        32        80         0         0      3390         0
        S6         f        39        96         0         0      3390         0
        S7         f        23        80         0         0      3390         0
        S8         f         4        83         0         0      3390         0
        S9         f        18        58         0         0      3390         0
       S10         f         1        56         0         0      3390         0
       S11         f        13        31         0         0      3390         0
       S12         f        -5        38         0         0      3390         0
       S13         f        26        37         0         0      3390         0
       S14         f        28        13         0         0      3390         0
       S15         f        39        31         0         0      3390         0
       S16         f        48        11         0         0      3390         0
       S17         f        59        17         0         0      3390         0
       S18         f        73        23         0         0      3390         0
       S19         f        74        32         0         0      3390         0
       S20         f        90        44         0         0      3390         0
       C62         c        50        35        20      2399      3001        90
       C16         c        20        85        40       494      1052        90
       C53         c        44         5        20      1228      2274        90
       C17         c        18        75        20       483      1633        90
       C49         c        48        20        10      1701      2377        90
       C78         c        78        40        20      1223      1969        90
        C2         c        45        70        30       942      1386        90
       C22         c        28        52        20      2708      3287        90
       C23         c        14        66        10      1000      1512        90
       C59         c        38        10        10      1103      1649        90
       C72         c        53        30        10      2352      2672        90
       C20         c        30        50        10      2697      3290        90
       C73         c        92        30        10       691      1725        90
       C96         c        62        40        10      1476      2300        90
        C6         c        16        42        20      2334      2914        90
       C42         c        33        32        20       127       457        90
       C64         c        48        30        10      1992      2662        90
       C54         c        42        10        40      1580      2112        90
       C84         c        70        58        20        96       706        90
      C100         c        55        85        20       656      1094        90
       C82         c        75        55        20       141      1035        90
       C75         c        45        65        20       730      1788        90
       C18         c        15        75        20       894      1036        90
       C25         c        22        66        40       641      1675        90
       C88         c        65        60        30        27       607        90
       C43         c        33        35        10        17       625        90
       C71         c        95        35        20       682      1358        90
        C4         c        60        66        10        26       985        90
        C3         c        62        69        10        30       889        90
       C28         c         4        55        20      1183      2163        90
       C69         c        45        35        10      2407      3284        90
       C41         c        35        32        10        19       626        90
       C65         c        44        25        10      1654      2618        90
       C48         c        36        40        10        11       543        90
       C15         c        20        80        40       413       569        90
       C11         c        35        69        10        20       972        90
       C86         c        66        55        10        27       872        90
       C99         c        55        80        10       653      1287        90
       C60         c        35         5        20      1214      1730        90
       C44         c        32        20        10       613      1295        90
       C24         c        25        50        10      2478      3285        90
       C34         c         8        45        20      1630      1918        90
       C67         c        47        40        10      1562      2604        90
       C51         c        25        30        10       269      1065        90
       C39         c         0        45        20      1576      2348        90
       C91         c        60        60        10        23      1391        90
       C50         c        26        32        10       387       763        90
       C37         c         2        40        20      2001      2297        90
       C21         c        30        56        20      2626      3288        90
       C90         c        60        55        10        21       719        90

Vehicle fuel tank capacity /117.66/
Vehicle load capacity /700.0/
Fuel consumption rate /1.0/
Inverse refueling rate /2.29/
Average Velocity /1.0/
