 StringID       Type         x         y    demand ReadyTime   DueDateServiceTime
        D0         d        35        35         0         0       230         0
        S0         f        35        35         0         0       230         0
        S1         f        61        37         0         0       230         0
        S2         f        74        39         0         0       230         0
        S3         f        47        57         0         0       230         0
        S4         f        57        65         0         0       230         0
        S5         f        29        59         0         0       230         0
        S6         f        34        71         0         0       230         0
        S7         f        22        58         0         0       230         0
        S8         f         7        61         0         0       230         0
        S9         f        18        41         0         0       230         0
       S10         f         5        39         0         0       230         0
       S11         f        14        20         0         0       230         0
       S12         f         0        26         0         0       230         0
       S13         f        24        25         0         0       230         0
       S14         f        26         6         0         0       230         0
       S15         f        34        20         0         0       230         0
       S16         f        41         5         0         0       230         0
       S17         f        50         9         0         0       230         0
       S18         f        61        14         0         0       230         0
       S19         f        62        21         0         0       230         0
       S20         f        74        30         0         0       230         0
       C31         c        31        52        27        25        35        10
       C63         c        27        69        10       132       142        10
       C85         c        16        22        41        93       103        10
       C52         c        27        43         9       111       121        10
       C24         c        65        35         3         0       190        10
       C69         c        37        47         6       151       161        10
       C17         c         5        30         2        73        83        10
       C41         c        42         7         5       181       191        10
        C3         c        55        45        13        28        38        10
       C92         c        22        22         2       124       134        10
        C1         c        41        49        10        36        46        10
       C42         c        24        12         5       147       157        10
       C93         c        18        24        22         0       199        10
       C44         c        11        14        18       171       181        10
       C36         c         2        60         5        78        88        10
       C55         c        63        23         2         0       189        10
       C78         c        61        52         3        94       104        10
       C86         c         4        18        35        99       109        10
       C83         c        14        37        11       144       154        10
       C90         c        31        67         3        69        79        10
        C8         c        10        43         9        27        37        10
       C20         c        45        65         9       159       169        10
       C57         c        32        12         7       186       196        10
       C61         c        12        24        13        29        39        10
       C87         c        28        18        26       166       176        10
       C98         c        19        21        10         0       198        10
        C2         c        35        17         7         0       202        10
       C95         c        25        24        20       140       150        10
       C68         c        56        39        36        57        67        10
       C38         c         5         5        16        63        73        10
        C7         c        20        50         5        88        98        10
       C18         c        20        40        12         0       204        10
       C74         c        46        13         8        27        37        10
       C43         c        23         3         7        43        53        10
       C77         c        53        43        14       150       160        10
       C51         c        49        58        10       178       188        10
        C9         c        55        60        16         0       187        10
       C53         c        37        31        14         0       215        10
       C66         c        49        73        25        66        76        10
       C59         c        21        24        28       101       111        10
       C21         c        45        20        11         0       201        10
       C75         c        49        11        18         0       192        10
       C27         c        35        40        16       173       183        10
       C76         c        49        42        13       183       193        10
       C62         c        24        58        19         0       194        10
       C29         c        64        42         9       117       127        10
       C35         c        63        65         8       125       135        10
       C34         c        65        55        14         0       183        10
       C64         c        45        79         9       111       121        10
       C82         c        15        47        16       169       179        10

Vehicle fuel tank capacity /62.14/
Vehicle load capacity /200.0/
Fuel consumption rate /1.0/
Inverse refueling rate /0.48/
Average Velocity /1.0/
