 StringID       Type         x         y    demand ReadyTime   DueDateServiceTime
        D0         d        35        35         0         0       230         0
        S0         f        35        35         0         0       230         0
        S1         f        61        37         0         0       230         0
        S2         f        74        39         0         0       230         0
        S3         f        47        57         0         0       230         0
        S4         f        57        65         0         0       230         0
        S5         f        29        59         0         0       230         0
        S6         f        34        71         0         0       230         0
        S7         f        22        58         0         0       230         0
        S8         f         7        61         0         0       230         0
        S9         f        18        41         0         0       230         0
       S10         f         5        39         0         0       230         0
       S11         f        14        20         0         0       230         0
       S12         f         0        26         0         0       230         0
       S13         f        24        25         0         0       230         0
       S14         f        26         6         0         0       230         0
       S15         f        34        20         0         0       230         0
       S16         f        41         5         0         0       230         0
       S17         f        50         9         0         0       230         0
       S18         f        61        14         0         0       230         0
       S19         f        62        21         0         0       230         0
       S20         f        74        30         0         0       230         0
       C40         c        40        25         9        24        54        10
        C1         c        41        49        10        26        56        10
       C44         c        11        14        18       158       188        10
       C99         c        20        26         9       128       158        10
       C89         c        26        35        15        35        65        10
       C13         c        30        25        23         0       208        10
       C51         c        49        58        10       163       193        10
       C46         c         2        48         1        45        75        10
       C25         c        65        20         6         0       186        10
       C81         c        55        54        26         0       192        10
       C79         c        57        48        23        80       110        10
       C12         c        50        35        19       167       197        10
       C20         c        45        65         9       149       179        10
        C4         c        55        20        19        97       127        10
       C73         c        44        17         9       126       156        10
       C88         c        26        52         9       156       186        10
       C77         c        53        43        14       140       170        10
       C66         c        49        73        25        56        86        10
       C92         c        22        22         2       114       144        10
       C33         c        53        52        11        44        74        10
       C19         c        15        60        17        46        76        10
       C35         c        63        65         8       145       175        10
       C80         c        56        37         6        98       128        10
       C27         c        35        40        16       163       193        10
      C100         c        18        18        17         0       195        10
       C32         c        35        69        23        49        79        10
       C85         c        16        22        41        83       113        10
       C69         c        37        47         6       141       171        10
       C38         c         5         5        16        56        86        10
       C41         c        42         7         5       161       191        10
       C63         c        27        69        10       122       152        10
       C68         c        56        39        36        47        77        10
        C5         c        15        30        26         0       199        10
       C84         c        11        31         7        86       116        10
       C75         c        49        11        18         0       192        10
       C72         c        47        16        25       101       131        10
       C29         c        64        42         9       107       137        10
       C15         c        30         5         8       104       134        10
       C94         c        26        27        27         0       207        10
       C70         c        37        56         5        39        69        10
       C22         c        45        10        18         0       193        10
       C91         c        15        19         1        77       107        10
       C11         c        20        65        12        51        81        10
       C21         c        45        20        11         0       201        10
       C50         c        47        47        13       108       138        10
       C98         c        19        21        10         0       198        10
       C78         c        61        52         3        84       114        10
       C49         c         6        68        30       142       172        10
       C36         c         2        60         5        68        98        10
       C55         c        63        23         2         0       189        10

Vehicle fuel tank capacity /62.60/
Vehicle load capacity /200.0/
Fuel consumption rate /1.0/
Inverse refueling rate /0.48/
Average Velocity /1.0/
