 StringID       Type         x         y    demand ReadyTime   DueDateServiceTime
        D0         d        35        35         0         0       230         0
        S0         f        35        35         0         0       230         0
        S1         f        61        37         0         0       230         0
        S2         f        74        39         0         0       230         0
        S3         f        47        57         0         0       230         0
        S4         f        57        65         0         0       230         0
        S5         f        29        59         0         0       230         0
        S6         f        34        71         0         0       230         0
        S7         f        22        58         0         0       230         0
        S8         f         7        61         0         0       230         0
        S9         f        18        41         0         0       230         0
       S10         f         5        39         0         0       230         0
       S11         f        14        20         0         0       230         0
       S12         f         0        26         0         0       230         0
       S13         f        24        25         0         0       230         0
       S14         f        26         6         0         0       230         0
       S15         f        34        20         0         0       230         0
       S16         f        41         5         0         0       230         0
       S17         f        50         9         0         0       230         0
       S18         f        61        14         0         0       230         0
       S19         f        62        21         0         0       230         0
       S20         f        74        30         0         0       230         0
       C37         c        20        20         8         0       198        10
        C2         c        35        17         7         0       202        10
       C96         c        22        27        11         0       204        10
       C34         c        65        55        14         0       183        10
       C77         c        53        43        14       140       170        10
       C15         c        30         5         8         0       189        10
       C72         c        47        16        25         0       197        10
        C8         c        10        43         9         0       193        10
       C80         c        56        37         6         0       198        10
       C99         c        20        26         9         0       202        10
       C28         c        41        37        16         0       213        10
       C18         c        20        40        12         0       204        10
       C73         c        44        17         9       126       156        10
       C91         c        15        19         1         0       194        10
       C58         c        36        26        18         0       210        10
       C78         c        61        52         3         0       188        10
       C43         c        23         3         7         0       185        10
       C57         c        32        12         7         0       196        10
       C59         c        21        24        28         0       202        10
       C94         c        26        27        27         0       207        10
       C87         c        28        18        26       156       186        10
       C62         c        24        58        19         0       194        10
       C45         c         6        38        16         0       190        10
       C23         c        55         5        29         0       183        10
       C39         c        60        12        31        50        80        10
       C24         c        65        35         3         0       190        10
       C17         c         5        30         2         0       189        10
       C56         c        53        12         6        48        78        10
       C31         c        31        52        27         0       202        10
       C41         c        42         7         5       161       191        10
       C50         c        47        47        13         0       203        10
       C48         c        13        52        36         0       192        10
       C51         c        49        58        10         0       193        10
        C6         c        25        30         3         0       208        10
       C75         c        49        11        18         0       192        10
       C11         c        20        65        12         0       186        10
        C5         c        15        30        26         0       199        10
       C69         c        37        47         6       141       171        10
       C32         c        35        69        23         0       186        10
       C10         c        30        60        16         0       194        10
       C84         c        11        31         7         0       195        10
       C89         c        26        35        15        35        65        10
       C53         c        37        31        14         0       215        10
       C13         c        30        25        23         0       208        10
       C79         c        57        48        23        80       110        10
        C3         c        55        45        13         0       197        10
       C29         c        64        42         9       107       137        10
       C66         c        49        73        25         0       179        10
       C21         c        45        20        11         0       201        10
       C20         c        45        65         9        32        62        10

Vehicle fuel tank capacity /64.06/
Vehicle load capacity /200.0/
Fuel consumption rate /1.0/
Inverse refueling rate /0.47/
Average Velocity /1.0/
