 StringID       Type         x         y    demand ReadyTime   DueDateServiceTime
        D0         d        35        35         0         0      1000         0
        S0         f        35        35         0         0      1000         0
        S1         f        61        37         0         0      1000         0
        S2         f        74        39         0         0      1000         0
        S3         f        47        57         0         0      1000         0
        S4         f        57        65         0         0      1000         0
        S5         f        29        59         0         0      1000         0
        S6         f        34        71         0         0      1000         0
        S7         f        22        58         0         0      1000         0
        S8         f         7        61         0         0      1000         0
        S9         f        18        41         0         0      1000         0
       S10         f         5        39         0         0      1000         0
       S11         f        14        20         0         0      1000         0
       S12         f         0        26         0         0      1000         0
       S13         f        24        25         0         0      1000         0
       S14         f        26         6         0         0      1000         0
       S15         f        34        20         0         0      1000         0
       S16         f        41         5         0         0      1000         0
       S17         f        50         9         0         0      1000         0
       S18         f        61        14         0         0      1000         0
       S19         f        62        21         0         0      1000         0
       S20         f        74        30         0         0      1000         0
        C1         c        41        49        10        16       256        10
        C2         c        35        17         7         0       972        10
        C3         c        55        45        13       721       961        10
        C4         c        55        20        19       672       912        10
        C5         c        15        30        26         0       969        10
        C6         c        25        30         3       512       752        10
        C7         c        20        50         5        22       262        10
        C8         c        10        43         9        27       267        10
        C9         c        55        60        16         0       957        10
       C10         c        30        60        16         0       964        10
       C11         c        20        65        12       641       881        10
       C12         c        50        35        19       735       975        10
       C13         c        30        25        23         0       978        10
       C14         c        15        10        20       119       359        10
       C15         c        30         5         8       719       959        10
       C16         c        10        20        19       476       716        10
       C17         c         5        30         2       682       922        10
       C18         c        20        40        12         0       974        10
       C19         c        15        60        17       178       418        10
       C20         c        45        65         9       604       844        10
       C21         c        45        20        11         0       971        10
       C22         c        45        10        18         0       963        10
       C23         c        55         5        29        64       304        10
       C24         c        65        35         3         0       960        10
       C25         c        65        20         6         0       956        10
       C26         c        45        30        17        73       313        10
       C27         c        35        40        16       268       508        10
       C28         c        41        37        16         0       983        10
       C29         c        64        42         9       720       960        10
       C30         c        40        60        21       454       694        10
       C31         c        31        52        27       580       820        10
       C32         c        35        69        23       367       607        10
       C33         c        53        52        11       209       449        10
       C34         c        65        55        14         0       953        10
       C35         c        63        65         8       690       930        10
       C36         c         2        60         5       708       948        10
       C37         c        20        20         8       469       709        10
       C38         c         5         5        16       540       780        10
       C39         c        60        12        31       242       482        10
       C40         c        40        25         9       661       901        10
       C41         c        42         7         5       721       961        10
       C42         c        24        12         5        26       266        10
       C43         c        23         3         7       350       590        10
       C44         c        11        14        18       526       766        10
       C45         c         6        38        16       720       960        10
       C46         c         2        48         1        36       276        10
       C47         c         8        56        27         0       955        10
       C48         c        13        52        36       368       608        10
       C49         c         6        68        30       703       943        10
       C50         c        47        47        13       433       673        10
       C51         c        49        58        10       721       961        10
       C52         c        27        43         9       192       432        10
       C53         c        37        31        14         0       985        10
       C54         c        57        29        18        23       263        10
       C55         c        63        23         2         0       959        10
       C56         c        53        12         6       720       960        10
       C57         c        32        12         7       409       649        10
       C58         c        36        26        18       337       577        10
       C59         c        21        24        28        18       258        10
       C60         c        17        34         3         0       971        10
       C61         c        12        24        13       320       560        10
       C62         c        24        58        19         0       964        10
       C63         c        27        69        10       715       955        10
       C64         c        15        77         9       650       890        10
       C65         c        62        77        20        50       290        10
       C66         c        49        73        25       557       797        10
       C67         c        67         5        25         0       946        10
       C68         c        56        39        36       272       512        10
       C69         c        37        47         6       410       650        10
       C70         c        37        56         5        22       262        10
       C71         c        57        68        15       633       873        10
       C72         c        47        16        25        58       298        10
       C73         c        44        17         9       729       969        10
       C74         c        46        13         8       382       622        10
       C75         c        49        11        18         0       962        10
       C76         c        49        42        13       166       406        10
       C77         c        53        43        14        35       275        10
       C78         c        61        52         3       199       439        10
       C79         c        57        48        23        26       266        10
       C80         c        56        37         6        22       262        10
       C81         c        55        54        26         0       962        10
       C82         c        15        47        16       630       870        10
       C83         c        14        37        11       491       731        10
       C84         c        11        31         7       261       501        10
       C85         c        16        22        41       528       768        10
       C86         c         4        18        35       714       954        10
       C87         c        28        18        26       429       669        10
       C88         c        26        52         9       271       511        10
       C89         c        26        35        15       506       746        10
       C90         c        31        67         3       464       704        10
       C91         c        15        19         1       420       660        10
       C92         c        22        22         2       191       431        10
       C93         c        18        24        22         0       969        10
       C94         c        26        27        27         0       977        10
       C95         c        25        24        20        15       255        10
       C96         c        22        27        11       734       974        10
       C97         c        25        21        12         0       972        10
       C98         c        19        21        10         0       968        10
       C99         c        20        26         9        27       267        10
      C100         c        18        18        17         0       965        10

Vehicle fuel tank capacity /181.23/
Vehicle load capacity /1000.0/
Fuel consumption rate /1.0/
Inverse refueling rate /0.17/
Average Velocity /1.0/
