 StringID       Type         x         y    demand ReadyTime   DueDateServiceTime
        D0         d        35        35         0         0      1000         0
        S0         f        35        35         0         0      1000         0
        S1         f        61        37         0         0      1000         0
        S2         f        74        39         0         0      1000         0
        S3         f        47        57         0         0      1000         0
        S4         f        57        65         0         0      1000         0
        S5         f        29        59         0         0      1000         0
        S6         f        34        71         0         0      1000         0
        S7         f        22        58         0         0      1000         0
        S8         f         7        61         0         0      1000         0
        S9         f        18        41         0         0      1000         0
       S10         f         5        39         0         0      1000         0
       S11         f        14        20         0         0      1000         0
       S12         f         0        26         0         0      1000         0
       S13         f        24        25         0         0      1000         0
       S14         f        26         6         0         0      1000         0
       S15         f        34        20         0         0      1000         0
       S16         f        41         5         0         0      1000         0
       S17         f        50         9         0         0      1000         0
       S18         f        61        14         0         0      1000         0
       S19         f        62        21         0         0      1000         0
       S20         f        74        30         0         0      1000         0
       C50         c        47        47        13         0       973        10
       C43         c        23         3         7         0       955        10
       C72         c        47        16        25         0       967        10
        C7         c        20        50         5        22       262        10
       C49         c         6        68        30         0       946        10
       C46         c         2        48         1         0       954        10
        C1         c        41        49        10        16       256        10
       C27         c        35        40        16         0       985        10
       C77         c        53        43        14        35       275        10
       C55         c        63        23         2         0       959        10
       C95         c        25        24        20         0       975        10
       C36         c         2        60         5       708       948        10
       C59         c        21        24        28         0       972        10
       C61         c        12        24        13       320       560        10
       C33         c        53        52        11         0       965        10
      C100         c        18        18        17         0       965        10
       C84         c        11        31         7         0       965        10
       C98         c        19        21        10         0       968        10
       C79         c        57        48        23        26       266        10
        C6         c        25        30         3         0       978        10
       C69         c        37        47         6       410       650        10
       C80         c        56        37         6         0       968        10
       C56         c        53        12         6       720       960        10
       C17         c         5        30         2         0       959        10
       C40         c        40        25         9         0       978        10
       C48         c        13        52        36         0       962        10
        C2         c        35        17         7         0       972        10
       C39         c        60        12        31       242       482        10
       C73         c        44        17         9       729       969        10
       C74         c        46        13         8         0       965        10
       C24         c        65        35         3         0       960        10
       C82         c        15        47        16         0       966        10
       C87         c        28        18        26       429       669        10
        C9         c        55        60        16         0       957        10
       C57         c        32        12         7         0       966        10
       C67         c        67         5        25         0       946        10
       C63         c        27        69        10         0       955        10
       C15         c        30         5         8         0       959        10
       C16         c        10        20        19       476       716        10
       C71         c        57        68        15         0       950        10
       C83         c        14        37        11         0       968        10
       C52         c        27        43         9       192       432        10
        C5         c        15        30        26         0       969        10
       C42         c        24        12         5        26       266        10
       C86         c         4        18        35         0       954        10
       C11         c        20        65        12         0       956        10
       C75         c        49        11        18         0       962        10
       C47         c         8        56        27         0       955        10
       C51         c        49        58        10         0       963        10
       C66         c        49        73        25         0       949        10

Vehicle fuel tank capacity /218.03/
Vehicle load capacity /1000.0/
Fuel consumption rate /1.0/
Inverse refueling rate /0.14/
Average Velocity /1.0/
