 StringID       Type         x         y    demand ReadyTime   DueDateServiceTime
        D0         d        40        50         0         0       240         0
        S0         f        40        50         0         0       240         0
        S1         f        73        52         0         0       240         0
        S2         f        90        55         0         0       240         0
        S3         f        55        79         0         0       240         0
        S4         f        69        89         0         0       240         0
        S5         f        32        80         0         0       240         0
        S6         f        39        96         0         0       240         0
        S7         f        23        80         0         0       240         0
        S8         f         4        83         0         0       240         0
        S9         f        18        58         0         0       240         0
       S10         f         1        56         0         0       240         0
       S11         f        13        31         0         0       240         0
       S12         f        -5        38         0         0       240         0
       S13         f        26        37         0         0       240         0
       S14         f        28        13         0         0       240         0
       S15         f        39        31         0         0       240         0
       S16         f        48        11         0         0       240         0
       S17         f        59        17         0         0       240         0
       S18         f        73        23         0         0       240         0
       S19         f        74        32         0         0       240         0
       S20         f        90        44         0         0       240         0
       C61         c        45        65         9        62       214        10
       C56         c        50        35        19       107       189        10
       C87         c        12        24        13        73        73        10
       C10         c        10        40        30        86       122        10
        C1         c        25        85        20       175       191        10
       C28         c        92        30        10       106       174        10
       C58         c        15        10        20        56       103        10
       C67         c        64        42         9       144       204        10
       C52         c        25        30         3        29       117        10
       C77         c        23         3         7        71       139        10
       C94         c        57        48        23       166       204        10
       C64         c        45        30        17        64        96        10
       C81         c        49        58        10       152       192        10
       C42         c        55        80        10        34        47        10
       C57         c        30        25        23        27        74        10
       C20         c        42        15        10       124       144        10
       C76         c        60        12        31        55       114        10
       C33         c        85        25        10        69       159        10
       C32         c        87        30        10        67       117        10
       C62         c        65        35         3        31        85        10
       C30         c        88        30        10       125       163        10
       C27         c        95        35        20        75       172        10
       C86         c        21        24        28       165       165        10
       C38         c        62        80        30        67       143        10
       C90         c        37        47         6       143       177        10
       C49         c        42        12        10        74       126        10
       C97         c         4        18        35       149       149        10
       C72         c        63        65         8        82       160        10
       C84         c        57        29        18        56       120        10
       C99         c        26        35        15        55        77        10
       C88         c        24        58        19        71       147        10
       C29         c        90        35        10       122       164        10
       C44         c        55        82        10        36       102        10
       C18         c        44         5        20        74       114        10
       C65         c        35        40        16        30        62        10
       C68         c        40        60        21        75       153        10
       C53         c        20        50         5        20        78        10
       C43         c        55        85        20        68       176        10
       C35         c        67        85        20        86       185        10
       C89         c        67         5        25        99       177        10
       C12         c         8        45        20       119       133        10
       C75         c        66        58        16        65        94        10
        C6         c        18        75        20        79       161        10
       C70         c        35        69        23        84       112        10
       C17         c         0        45        20       155       189        10
       C50         c        72        35        30       163       185        10
       C91         c        49        42        13        49       133        10
        C2         c        22        75        30        60       138        10
        C5         c        20        85        20        98       189        10
        C7         c        15        75        20       113       121        10

Vehicle fuel tank capacity /79.69/
Vehicle load capacity /200.0/
Fuel consumption rate /1.0/
Inverse refueling rate /0.38/
Average Velocity /1.0/
