 StringID       Type         x         y    demand ReadyTime   DueDateServiceTime
        D0         d        40        50         0         0       240         0
        S0         f        40        50         0         0       240         0
        S1         f        73        52         0         0       240         0
        S2         f        90        55         0         0       240         0
        S3         f        55        79         0         0       240         0
        S4         f        69        89         0         0       240         0
        S5         f        32        80         0         0       240         0
        S6         f        39        96         0         0       240         0
        S7         f        23        80         0         0       240         0
        S8         f         4        83         0         0       240         0
        S9         f        18        58         0         0       240         0
       S10         f         1        56         0         0       240         0
       S11         f        13        31         0         0       240         0
       S12         f        -5        38         0         0       240         0
       S13         f        26        37         0         0       240         0
       S14         f        28        13         0         0       240         0
       S15         f        39        31         0         0       240         0
       S16         f        48        11         0         0       240         0
       S17         f        59        17         0         0       240         0
       S18         f        73        23         0         0       240         0
       S19         f        74        32         0         0       240         0
       S20         f        90        44         0         0       240         0
        C1         c        25        85        20       161       191        10
        C2         c        22        75        30        84       114        10
        C3         c        22        85        10       113       143        10
        C4         c        20        80        40        61        91        10
        C5         c        20        85        20       139       169        10
        C6         c        18        75        20       105       135        10
        C7         c        15        75        20       102       132        10
        C8         c        15        80        10        95       125        10
        C9         c        10        35        20       123       153        10
       C10         c        10        40        30        89       119        10
       C11         c         8        40        40        86       116        10
       C12         c         8        45        20       111       141        10
       C13         c         5        35        10        49        79        10
       C14         c         5        45        10        36        66        10
       C15         c         2        40        20       103       133        10
       C16         c         0        40        20       154       184        10
       C17         c         0        45        20       159       189        10
       C18         c        44         5        20        79       109        10
       C19         c        42        10        40        48        78        10
       C20         c        42        15        10       119       149        10
       C21         c        40         5        10       155       185        10
       C22         c        40        15        40       106       136        10
       C23         c        38         5        30        89       119        10
       C24         c        38        15        10       108       138        10
       C25         c        35         5        20       111       141        10
       C26         c        95        30        30       103       133        10
       C27         c        95        35        20       142       172        10
       C28         c        92        30        10       144       174        10
       C29         c        90        35        10       128       158        10
       C30         c        88        30        10       129       159        10
       C31         c        88        35        20       102       132        10
       C32         c        87        30        10        67        97        10
       C33         c        85        25        10        99       129        10
       C34         c        85        35        30       152       182        10
       C35         c        67        85        20       155       185        10
       C36         c        65        85        40        57        87        10
       C37         c        65        82        10        56        86        10
       C38         c        62        80        30        90       120        10
       C39         c        60        80        10       100       130        10
       C40         c        60        85        30       157       187        10
       C41         c        58        75        20       110       140        10
       C42         c        55        80        10        34        64        10
       C43         c        55        85        20       107       137        10
       C44         c        55        82        10        36        66        10
       C45         c        20        82        10        53        83        10
       C46         c        18        80        10       129       159        10
       C47         c         2        45        10        64        94        10
       C48         c        42         5        10       154       184        10
       C49         c        42        12        10        85       115        10
       C50         c        72        35        30       159       189        10
       C51         c        55        20        19       149       179        10
       C52         c        25        30         3        58        88        10
       C53         c        20        50         5        22        52        10
       C54         c        55        60        16       170       200        10
       C55         c        30        60        16        26        56        10
       C56         c        50        35        19       133       163        10
       C57         c        30        25        23        27        57        10
       C58         c        15        10        20        62        92        10
       C59         c        10        20        19        50        80        10
       C60         c        15        60        17       173       203        10
       C61         c        45        65         9       184       214        10
       C62         c        65        35         3        43        73        10
       C63         c        65        20         6        61        91        10
       C64         c        45        30        17        65        95        10
       C65         c        35        40        16        31        61        10
       C66         c        41        37        16        14        44        10
       C67         c        64        42         9       174       204        10
       C68         c        40        60        21        99       129        10
       C69         c        31        52        27        10        40        10
       C70         c        35        69        23        83       113        10
       C71         c        65        55        14        50        80        10
       C72         c        63        65         8       106       136        10
       C73         c         2        60         5        95       125        10
       C74         c        20        20         8       119       149        10
       C75         c         6        56        16        65        95        10
       C76         c        60        12        31        55        85        10
       C77         c        23         3         7        90       120        10
       C78         c         8        56        27        77       107        10
       C79         c         6        68        30        53        83        10
       C80         c        47        47        13        44        74        10
       C81         c        49        58        10       157       187        10
       C82         c        27        43         9       114       144        10
       C83         c        37        31        14       118       148        10
       C84         c        57        29        18        73       103        10
       C85         c        63        23         2        65        95        10
       C86         c        21        24        28       150       180        10
       C87         c        12        24        13        58        88        10
       C88         c        24        58        19        94       124        10
       C89         c        67         5        25       129       159        10
       C90         c        37        47         6       145       175        10
       C91         c        49        42        13        76       106        10
       C92         c        53        43        14       140       170        10
       C93         c        61        52         3        44        74        10
       C94         c        57        48        23       170       200        10
       C95         c        56        37         6        66        96        10
       C96         c        55        54        26       178       208        10
       C97         c         4        18        35       134       164        10
       C98         c        26        52         9       143       173        10
       C99         c        26        35        15        51        81        10
      C100         c        31        67         3        20        50        10

Vehicle fuel tank capacity /79.69/
Vehicle load capacity /200.0/
Fuel consumption rate /1.0/
Inverse refueling rate /0.38/
Average Velocity /1.0/
