 StringID       Type         x         y    demand ReadyTime   DueDateServiceTime
        D0         d        40        50         0         0       960         0
        S0         f        40        50         0         0       960         0
        S1         f        73        52         0         0       960         0
        S2         f        90        55         0         0       960         0
        S3         f        55        79         0         0       960         0
        S4         f        69        89         0         0       960         0
        S5         f        32        80         0         0       960         0
        S6         f        39        96         0         0       960         0
        S7         f        23        80         0         0       960         0
        S8         f         4        83         0         0       960         0
        S9         f        18        58         0         0       960         0
       S10         f         1        56         0         0       960         0
       S11         f        13        31         0         0       960         0
       S12         f        -5        38         0         0       960         0
       S13         f        26        37         0         0       960         0
       S14         f        28        13         0         0       960         0
       S15         f        39        31         0         0       960         0
       S16         f        48        11         0         0       960         0
       S17         f        59        17         0         0       960         0
       S18         f        73        23         0         0       960         0
       S19         f        74        32         0         0       960         0
       S20         f        90        44         0         0       960         0
       C80         c        47        47        13       349       469        10
        C6         c        18        75        20       258       378        10
       C51         c        55        20        19       482       602        10
      C100         c        31        67         3       468       588        10
       C55         c        30        60        16       661       781        10
       C21         c        40         5        10       522       642        10
       C40         c        60        85        30       512       632        10
       C14         c         5        45        10       198       318        10
       C76         c        60        12        31        47       167        10
       C26         c        95        30        30       771       891        10
       C98         c        26        52         9       218       338        10
        C9         c        10        35        20       654       774        10
       C67         c        64        42         9        26       146        10
       C61         c        45        65         9       618       738        10
        C8         c        15        80        10       440       560        10
       C82         c        27        43         9       509       629        10
       C68         c        40        60        21       744       864        10
       C19         c        42        10        40        41       161        10
        C7         c        15        75        20       129       249        10
       C60         c        15        60        17        43       163        10
       C12         c         8        45        20       797       917        10
       C29         c        90        35        10       501       621        10
       C58         c        15        10        20       443       563        10
       C38         c        62        80        30       105       225        10
       C72         c        63        65         8       331       451        10
       C75         c         5         5        16       384       504        10
       C63         c        65        20         6       316       436        10
       C45         c        20        82        10       646       766        10
       C24         c        38        15        10       161       281        10
       C85         c        63        23         2        98       218        10
       C93         c        61        52         3       317       437        10
       C66         c        41        37        16       584       704        10
       C99         c        26        35        15        21       141        10
       C52         c        25        30         3       553       673        10
        C4         c        20        80        40       712       832        10
       C36         c        65        85        40       517       637        10
       C59         c        10        20        19       655       775        10
       C64         c        45        30        17       628       748        10
       C50         c        72        35        30       736       856        10
       C47         c         2        45        10       259       379        10
       C56         c        50        35        19       184       304        10
       C22         c        40        15        40       621       741        10
       C35         c        67        85        20       647       767        10
       C39         c        60        80        10       751       871        10
       C27         c        95        35        20       675       795        10
       C33         c        85        25        10       766       886        10
       C37         c        65        82        10       252       372        10
       C86         c        21        24        28       373       493        10
       C70         c        35        69        23       398       518        10
       C65         c        35        40        16        28       148        10

Vehicle fuel tank capacity /211.04/
Vehicle load capacity /1000.0/
Fuel consumption rate /1.0/
Inverse refueling rate /0.14/
Average Velocity /1.0/
