 StringID       Type         x         y    demand ReadyTime   DueDateServiceTime
        D0         d        40        50         0         0      1236         0
        S0         f        40        50         0         0      1236         0
        S1         f        73        52         0         0      1236         0
        S2         f        90        55         0         0      1236         0
        S3         f        55        79         0         0      1236         0
        S4         f        69        89         0         0      1236         0
        S5         f        32        80         0         0      1236         0
        S6         f        39        96         0         0      1236         0
        S7         f        23        80         0         0      1236         0
        S8         f         4        83         0         0      1236         0
        S9         f        18        58         0         0      1236         0
       S10         f         1        56         0         0      1236         0
       S11         f        13        31         0         0      1236         0
       S12         f        -5        38         0         0      1236         0
       S13         f        26        37         0         0      1236         0
       S14         f        28        13         0         0      1236         0
       S15         f        39        31         0         0      1236         0
       S16         f        48        11         0         0      1236         0
       S17         f        59        17         0         0      1236         0
       S18         f        73        23         0         0      1236         0
       S19         f        74        32         0         0      1236         0
       S20         f        90        44         0         0      1236         0
       C75         c        45        65        20         0      1130        90
       C98         c        58        75        20         0      1115        90
       C31         c        10        35        20         0      1112        90
       C90         c        60        55        10        21        84        90
       C32         c        10        40        30         0      1114        90
       C53         c        44         5        20       437       511        90
       C16         c        20        85        40       358       416        90
       C33         c         8        40        40       355       437        90
       C39         c         0        45        20       374       440        90
       C82         c        75        55        20       459       529        90
       C56         c        40         5        30       350       410        90
       C81         c        85        35        30       761       823        90
        C8         c        38        68        20      1057      1125        90
       C60         c        35         5        20       167       223        90
       C13         c        22        75        30      1042      1106        90
       C30         c        20        55        10         0      1125        90
       C45         c        30        30        10       421       475        90
       C38         c         0        40        30       472       532        90
        C5         c        42        65        10       950      1026        90
       C80         c        85        25        10       637       689        90
       C92         c        67        85        20       459       519        90
       C43         c        33        35        10       789       849        90
        C4         c        42        68        10       584       656        90
        C7         c        40        66        20         0      1130        90
       C21         c        30        52        20        11        73        90
       C99         c        55        80        10       836       896        90
      C100         c        55        85        20       744       798        90
       C91         c        60        60        10      1010      1096        90
        C2         c        45        70        30       499       553        90
       C64         c        48        30        10         0      1124        90
       C28         c        23        55        20       438       510        90
       C42         c        33        32        20       239       289        90
       C50         c        26        32        10         0      1123        90
       C66         c        47        35        10      1068      1129        90
       C83         c        72        55        10       556       618        90
       C51         c        25        30        10         0      1121        90
       C86         c        66        55        10       173       241        90
       C36         c         5        45        10         0      1110        90
       C52         c        25        35        10         0      1124        90
       C14         c        22        85        10       263       327        90
        C6         c        40        69        20       683       741        90
        C3         c        42        66        10       863       931        90
       C46         c        30        32        30       601       665        90
       C59         c        38        15        10        66       124        90
       C55         c        42        15        10       905       963        90
       C70         c        95        30        30       390       444        90
       C35         c         5        35        10       655       725        90
       C63         c        50        40        50         0      1131        90
       C24         c        25        50        10         0      1131        90
       C27         c        23        52        10       263       311        90

Vehicle fuel tank capacity /79.69/
Vehicle load capacity /200.0/
Fuel consumption rate /1.0/
Inverse refueling rate /3.39/
Average Velocity /1.0/
