 StringID       Type         x         y    demand ReadyTime   DueDateServiceTime
        D0         d        40        50         0         0      1236         0
        S0         f        40        50         0         0      1236         0
        S1         f        73        52         0         0      1236         0
        S2         f        90        55         0         0      1236         0
        S3         f        55        79         0         0      1236         0
        S4         f        69        89         0         0      1236         0
        S5         f        32        80         0         0      1236         0
        S6         f        39        96         0         0      1236         0
        S7         f        23        80         0         0      1236         0
        S8         f         4        83         0         0      1236         0
        S9         f        18        58         0         0      1236         0
       S10         f         1        56         0         0      1236         0
       S11         f        13        31         0         0      1236         0
       S12         f        -5        38         0         0      1236         0
       S13         f        26        37         0         0      1236         0
       S14         f        28        13         0         0      1236         0
       S15         f        39        31         0         0      1236         0
       S16         f        48        11         0         0      1236         0
       S17         f        59        17         0         0      1236         0
       S18         f        73        23         0         0      1236         0
       S19         f        74        32         0         0      1236         0
       S20         f        90        44         0         0      1236         0
       C77         c        88        30        10       387       747        90
       C89         c        63        58        10       761      1121        90
       C62         c        50        35        20        19       379        90
       C45         c        30        30        10       268       628        90
       C66         c        47        35        10       769      1129        90
       C63         c        50        40        50        15       375        90
       C98         c        58        75        20        34       394        90
       C56         c        40         5        30       200       560        90
       C55         c        42        15        10       750      1110        90
       C93         c        65        85        40       401       761        90
       C43         c        33        35        10       639       999        90
       C18         c        15        75        20       399       759        90
       C72         c        53        30        10       749      1109        90
        C6         c        40        69        20       532       892        90
       C85         c        68        60        30       593       953        90
       C41         c        35        32        10        19       379        90
        C1         c        45        68        10        19       379        90
       C61         c        50        30        10       763      1123        90
       C73         c        92        30        10       187       547        90
        C3         c        42        66        10       717      1077        90
       C12         c        25        85        20        39       399        90
        C2         c        45        70        30       346       706        90
       C16         c        20        85        40       207       567        90
       C26         c        25        55        10       528       888        90
       C30         c        20        55        10       201       561        90
       C92         c        67        85        20       309       669        90
       C19         c        15        80        10       304       664        90
       C90         c        60        55        10        21       381        90
       C28         c        23        55        20       294       654        90
       C38         c         0        40        30       322       682        90
       C23         c        28        55        10        13       373        90
       C69         c        45        35        10       302       662        90
       C33         c         8        40        40       216       576        90
       C84         c        70        58        20       500       860        90
       C88         c        65        60        30       686      1046        90
       C39         c         0        45        20       227       587        90
       C10         c        35        66        10       632       992        90
       C14         c        22        85        10       115       475        90
       C29         c        20        50        10        20       380        90
       C50         c        26        32        10       763      1123        90
       C31         c        10        35        20       312       672        90
       C54         c        42        10        40       659      1019        90
       C75         c        45        65        20        16       376        90
       C48         c        28        30        10       360       720        90
       C99         c        55        80        10       686      1046        90
       C52         c        25        35        10       764      1124        90
       C91         c        60        60        10       763      1123        90
       C15         c        20        80        40       587       947        90
       C42         c        33        32        20        84       444        90
       C57         c        40        15        40       751      1111        90

Vehicle fuel tank capacity /79.69/
Vehicle load capacity /200.0/
Fuel consumption rate /1.0/
Inverse refueling rate /3.39/
Average Velocity /1.0/
