 StringID       Type         x         y    demand ReadyTime   DueDateServiceTime
        D0         d        40        50         0         0      3390         0
        S0         f        40        50         0         0      3390         0
        S1         f        73        52         0         0      3390         0
        S2         f        90        55         0         0      3390         0
        S3         f        55        79         0         0      3390         0
        S4         f        69        89         0         0      3390         0
        S5         f        32        80         0         0      3390         0
        S6         f        39        96         0         0      3390         0
        S7         f        23        80         0         0      3390         0
        S8         f         4        83         0         0      3390         0
        S9         f        18        58         0         0      3390         0
       S10         f         1        56         0         0      3390         0
       S11         f        13        31         0         0      3390         0
       S12         f        -5        38         0         0      3390         0
       S13         f        26        37         0         0      3390         0
       S14         f        28        13         0         0      3390         0
       S15         f        39        31         0         0      3390         0
       S16         f        48        11         0         0      3390         0
       S17         f        59        17         0         0      3390         0
       S18         f        73        23         0         0      3390         0
       S19         f        74        32         0         0      3390         0
       S20         f        90        44         0         0      3390         0
       C89         c        56        64        10        22       526        90
       C76         c        90        35        10       659      1191        90
       C96         c        62        40        10      1608      2168        90
       C54         c        42        10        40      1605      2087        90
       C41         c        35        32        10        19       521        90
       C72         c        53        30        10      2300      2724        90
       C34         c         8        45        20      1566      1982        90
       C80         c        85        25        10      1085      1529        90
       C88         c        65        60        30        27       522        90
       C69         c        45        35        10      2598      3172        90
       C37         c         2        40        20      1940      2358        90
       C99         c        55        80        10       716      1224        90
       C82         c        75        55        20       299       877        90
       C24         c        25        50        10      2728      3282        90
       C66         c        47        35        10      2538      3048        90
       C86         c        66        55        10        27       592        90
      C100         c        55        85        20       647      1103        90
       C38         c         0        40        30      1803      2311        90
       C84         c        70        58        20       150       652        90
       C42         c        33        32        20        78       506        90
       C25         c        22        66        40       850      1466        90
       C17         c        18        75        20       735      1381        90
       C49         c        48        20        10      1779      2299        90
       C90         c        60        55        10        21       547        90
       C53         c        44         5        20      1442      2060        90
       C71         c        95        35        20       760      1280        90
       C22         c        28        52        20      2793      3287        90
       C23         c        14        66        10      1018      1494        90
       C78         c        78        40        20      1327      1865        90
       C59         c        38        10        10      1133      1619        90
       C55         c        42        15        10      1698      2184        90
       C48         c        36        40        10        11       493        90
        C4         c        60        66        10        26       622        90
       C58         c        38         5        30      1297      1833        90
       C95         c        62        80        30       264       728        90
       C13         c        22        75        30       129       663        90
        C9         c        28        70        10        24       706        90
       C67         c        47        40        10      1774      2392        90
       C83         c        72        55        10       237       753        90
       C45         c        30        30        10       534       990        90
       C63         c        50        40        50      1701      2279        90
        C3         c        62        69        10        30       599        90
       C77         c        72        45        10      1419      1969        90
       C19         c        15        80        10       626      1114        90
       C91         c        60        60        10        23       728        90
        C2         c        45        70        30       935      1393        90
       C98         c        58        75        20       122       676        90
       C39         c         0        45        20      1689      2235        90
       C32         c        10        40        30      2249      2805        90
       C12         c        25        85        20       366       810        90

Vehicle fuel tank capacity /117.70/
Vehicle load capacity /700.0/
Fuel consumption rate /1.0/
Inverse refueling rate /2.29/
Average Velocity /1.0/
