 StringID       Type         x         y    demand ReadyTime   DueDateServiceTime
        D0         d        35        35         0         0       230         0
        S0         f        35        35         0         0       230         0
        S1         f        61        37         0         0       230         0
        S2         f        74        39         0         0       230         0
        S3         f        47        57         0         0       230         0
        S4         f        57        65         0         0       230         0
        S5         f        29        59         0         0       230         0
        S6         f        34        71         0         0       230         0
        S7         f        22        58         0         0       230         0
        S8         f         7        61         0         0       230         0
        S9         f        18        41         0         0       230         0
       S10         f         5        39         0         0       230         0
       S11         f        14        20         0         0       230         0
       S12         f         0        26         0         0       230         0
       S13         f        24        25         0         0       230         0
       S14         f        26         6         0         0       230         0
       S15         f        34        20         0         0       230         0
       S16         f        41         5         0         0       230         0
       S17         f        50         9         0         0       230         0
       S18         f        61        14         0         0       230         0
       S19         f        62        21         0         0       230         0
       S20         f        74        30         0         0       230         0
       C77         c        53        43        14       150       160        10
       C16         c        10        20        19        71        81        10
       C23         c        55         5        29         0       183        10
       C78         c        61        52         3         0       188        10
       C27         c        35        40        16         0       215        10
       C73         c        44        17         9       136       146        10
       C24         c        65        35         3         0       190        10
       C97         c        25        21        12         0       202        10
       C29         c        64        42         9       117       127        10
       C74         c        46        13         8         0       195        10
       C40         c        40        25         9         0       208        10
       C59         c        21        24        28         0       202        10
       C70         c        37        56         5         0       198        10
       C43         c        23         3         7         0       185        10
       C89         c        26        35        15        45        55        10
       C35         c        63        65         8         0       178        10
       C46         c         2        48         1         0       184        10
       C12         c        50        35        19       177       187        10
       C44         c        11        14        18         0       188        10
       C55         c        63        23         2         0       189        10
       C72         c        47        16        25         0       197        10
       C99         c        20        26         9         0       202        10
       C84         c        11        31         7         0       195        10
       C98         c        19        21        10         0       198        10
       C93         c        18        24        22         0       199        10
        C9         c        55        60        16         0       187        10
       C58         c        36        26        18         0       210        10
       C69         c        37        47         6       151       161        10
       C13         c        30        25        23         0       208        10
       C83         c        14        37        11         0       198        10
       C34         c        65        55        14         0       183        10
       C92         c        22        22         2         0       201        10
       C91         c        15        19         1         0       194        10
       C76         c        49        42        13         0       204        10
        C4         c        55        20        19       107       117        10
       C37         c        20        20         8         0       198        10
       C39         c        60        12        31       144       154        10
       C56         c        53        12         6        58        68        10
       C32         c        35        69        23         0       186        10
       C47         c         8        56        27         0       185        10
       C49         c         6        68        30         0       176        10
       C36         c         2        60         5        51        61        10
       C86         c         4        18        35         0       184        10
       C21         c        45        20        11         0       201        10
       C75         c        49        11        18         0       192        10
       C26         c        45        30        17         0       208        10
        C8         c        10        43         9         0       193        10
       C80         c        56        37         6         0       198        10
       C50         c        47        47        13         0       203        10
       C22         c        45        10        18         0       193        10

Vehicle fuel tank capacity /67.15/
Vehicle load capacity /200.0/
Fuel consumption rate /1.0/
Inverse refueling rate /0.45/
Average Velocity /1.0/
