 StringID       Type         x         y    demand ReadyTime   DueDateServiceTime
        D0         d        35        35         0         0       230         0
        S0         f        35        35         0         0       230         0
        S1         f        61        37         0         0       230         0
        S2         f        74        39         0         0       230         0
        S3         f        47        57         0         0       230         0
        S4         f        57        65         0         0       230         0
        S5         f        29        59         0         0       230         0
        S6         f        34        71         0         0       230         0
        S7         f        22        58         0         0       230         0
        S8         f         7        61         0         0       230         0
        S9         f        18        41         0         0       230         0
       S10         f         5        39         0         0       230         0
       S11         f        14        20         0         0       230         0
       S12         f         0        26         0         0       230         0
       S13         f        24        25         0         0       230         0
       S14         f        26         6         0         0       230         0
       S15         f        34        20         0         0       230         0
       S16         f        41         5         0         0       230         0
       S17         f        50         9         0         0       230         0
       S18         f        61        14         0         0       230         0
       S19         f        62        21         0         0       230         0
       S20         f        74        30         0         0       230         0
       C50         c        47        47        13         0       203        10
       C99         c        20        26         9       128       158        10
        C5         c        15        30        26         0       199        10
       C16         c        10        20        19        61        91        10
       C30         c        40        60        21       153       183        10
       C18         c        20        40        12         0       204        10
       C71         c        57        68        15       150       180        10
       C56         c        53        12         6        48        78        10
       C29         c        64        42         9       107       137        10
       C28         c        41        37        16         0       213        10
       C39         c        60        12        31        50        80        10
       C89         c        26        35        15        35        65        10
       C79         c        57        48        23        80       110        10
       C20         c        45        65         9        32        62        10
       C14         c        15        10        20         0       187        10
       C96         c        22        27        11        18        48        10
       C55         c        63        23         2         0       189        10
       C60         c        17        34         3         0       201        10
       C61         c        12        24        13        26        56        10
       C63         c        27        69        10         0       185        10
       C91         c        15        19         1        77       107        10
       C94         c        26        27        27         0       207        10
       C65         c        62        77        20        68        98        10
       C27         c        35        40        16       163       193        10
        C2         c        35        17         7         0       202        10
       C67         c        67         5        25         0       176        10
       C95         c        25        24        20         0       205        10
       C12         c        50        35        19       167       197        10
       C78         c        61        52         3        84       114        10
      C100         c        18        18        17         0       195        10
       C58         c        36        26        18         0       210        10
       C57         c        32        12         7       166       196        10
       C53         c        37        31        14         0       215        10
       C83         c        14        37        11         0       198        10
       C92         c        22        22         2       114       144        10
       C38         c         5         5        16       125       155        10
       C52         c        27        43         9       101       131        10
       C64         c        15        77         9       116       146        10
       C43         c        23         3         7         0       185        10
       C75         c        49        11        18         0       192        10
       C21         c        45        20        11         0       201        10
       C70         c        37        56         5         0       198        10
       C81         c        55        54        26         0       192        10
       C26         c        45        30        17         0       208        10
       C41         c        42         7         5       161       191        10
       C68         c        56        39        36        47        77        10
       C11         c        20        65        12         0       186        10
       C51         c        49        58        10         0       193        10
       C15         c        30         5         8       104       134        10
       C86         c         4        18        35       145       175        10

Vehicle fuel tank capacity /66.28/
Vehicle load capacity /200.0/
Fuel consumption rate /1.0/
Inverse refueling rate /0.45/
Average Velocity /1.0/
