 StringID       Type         x         y    demand ReadyTime   DueDateServiceTime
        D0         d        35        35         0         0      1000         0
        S0         f        35        35         0         0      1000         0
        S1         f        61        37         0         0      1000         0
        S2         f        74        39         0         0      1000         0
        S3         f        47        57         0         0      1000         0
        S4         f        57        65         0         0      1000         0
        S5         f        29        59         0         0      1000         0
        S6         f        34        71         0         0      1000         0
        S7         f        22        58         0         0      1000         0
        S8         f         7        61         0         0      1000         0
        S9         f        18        41         0         0      1000         0
       S10         f         5        39         0         0      1000         0
       S11         f        14        20         0         0      1000         0
       S12         f         0        26         0         0      1000         0
       S13         f        24        25         0         0      1000         0
       S14         f        26         6         0         0      1000         0
       S15         f        34        20         0         0      1000         0
       S16         f        41         5         0         0      1000         0
       S17         f        50         9         0         0      1000         0
       S18         f        61        14         0         0      1000         0
       S19         f        62        21         0         0      1000         0
       S20         f        74        30         0         0      1000         0
       C32         c        35        69        23         0       956        10
       C22         c        45        10        18         0       963        10
      C100         c        18        18        17       118       148        10
       C64         c        15        77         9       719       821        10
       C67         c        67         5        25         0       946        10
       C93         c        18        24        22         0       969        10
       C26         c        45        30        17         0       978        10
       C89         c        26        35        15         0       981        10
       C31         c        31        52        27         0       972        10
       C91         c        15        19         1       463       617        10
       C58         c        36        26        18         0       980        10
       C74         c        46        13         8         0       965        10
       C76         c        49        42        13         0       974        10
        C2         c        35        17         7         0       972        10
        C4         c        55        20        19         0       965        10
        C9         c        55        60        16         0       957        10
       C15         c        30         5         8       861       959        10
       C69         c        37        47         6         0       977        10
       C72         c        47        16        25         0       967        10
        C6         c        25        30         3         0       978        10
       C86         c         4        18        35         0       954        10
       C25         c        65        20         6         0       956        10
       C24         c        65        35         3         0       960        10
       C18         c        20        40        12         0       974        10
       C97         c        25        21        12         0       972        10
       C57         c        32        12         7         0       966        10
        C8         c        10        43         9         0       963        10
       C59         c        21        24        28        18       140        10
       C35         c        63        65         8         0       948        10
       C65         c        62        77        20       113       215        10
       C70         c        37        56         5         0       968        10
       C56         c        53        12         6         0       960        10
       C10         c        30        60        16       585       691        10
       C41         c        42         7         5         0       961        10
       C66         c        49        73        25         0       949        10
       C49         c         6        68        30         0       946        10
       C53         c        37        31        14         0       985        10
       C63         c        27        69        10       779       943        10
       C82         c        15        47        16         0       966        10
       C42         c        24        12         5         0       964        10
       C96         c        22        27        11         0       974        10
       C90         c        31        67         3       532       636        10
       C84         c        11        31         7         0       965        10
       C38         c         5         5        16         0       947        10
       C28         c        41        37        16         0       983        10
        C5         c        15        30        26         0       969        10
       C60         c        17        34         3       589       721        10
       C80         c        56        37         6         0       968        10
        C3         c        55        45        13         0       967        10
        C7         c        20        50         5         0       968        10

Vehicle fuel tank capacity /247.66/
Vehicle load capacity /1000.0/
Fuel consumption rate /1.0/
Inverse refueling rate /0.12/
Average Velocity /1.0/
