 StringID       Type         x         y    demand ReadyTime   DueDateServiceTime
        D0         d        35        35         0         0      1000         0
        S0         f        35        35         0         0      1000         0
        S1         f        61        37         0         0      1000         0
        S2         f        74        39         0         0      1000         0
        S3         f        47        57         0         0      1000         0
        S4         f        57        65         0         0      1000         0
        S5         f        29        59         0         0      1000         0
        S6         f        34        71         0         0      1000         0
        S7         f        22        58         0         0      1000         0
        S8         f         7        61         0         0      1000         0
        S9         f        18        41         0         0      1000         0
       S10         f         5        39         0         0      1000         0
       S11         f        14        20         0         0      1000         0
       S12         f         0        26         0         0      1000         0
       S13         f        24        25         0         0      1000         0
       S14         f        26         6         0         0      1000         0
       S15         f        34        20         0         0      1000         0
       S16         f        41         5         0         0      1000         0
       S17         f        50         9         0         0      1000         0
       S18         f        61        14         0         0      1000         0
       S19         f        62        21         0         0      1000         0
       S20         f        74        30         0         0      1000         0
       C30         c        40        60        21       454       694        10
        C1         c        41        49        10        16       256        10
       C79         c        57        48        23        26       266        10
       C15         c        30         5         8       719       959        10
       C80         c        56        37         6        22       262        10
       C56         c        53        12         6       720       960        10
       C53         c        37        31        14       332       572        10
       C87         c        28        18        26       429       669        10
       C84         c        11        31         7       261       501        10
       C81         c        55        54        26        28       268        10
       C51         c        49        58        10       721       961        10
       C99         c        20        26         9        27       267        10
       C96         c        22        27        11       734       974        10
       C37         c        20        20         8       469       709        10
       C21         c        45        20        11        20       260        10
      C100         c        18        18        17        25       265        10
       C31         c        31        52        27       580       820        10
       C16         c        10        20        19       476       716        10
        C3         c        55        45        13       721       961        10
        C5         c        15        30        26        21       261        10
       C71         c        57        68        15       633       873        10
        C6         c        25        30         3       512       752        10
        C9         c        55        60        16       509       749        10
       C29         c        64        42         9       720       960        10
       C95         c        25        24        20        15       255        10
       C97         c        25        21        12       481       721        10
       C46         c         2        48         1        36       276        10
       C94         c        26        27        27       468       708        10
       C22         c        45        10        18       705       945        10
       C68         c        56        39        36       272       512        10
       C38         c         5         5        16       540       780        10
       C70         c        37        56         5        22       262        10
       C63         c        27        69        10       715       955        10
       C72         c        47        16        25        58       298        10
       C75         c        49        11        18       466       706        10
       C60         c        17        34         3       535       775        10
       C64         c        15        77         9       650       890        10
       C34         c        65        55        14        37       277        10
       C65         c        62        77        20        50       290        10
       C47         c         8        56        27       571       811        10
       C85         c        16        22        41       528       768        10
       C26         c        45        30        17        73       313        10
       C45         c         6        38        16       720       960        10
       C41         c        42         7         5       721       961        10
       C74         c        46        13         8       382       622        10
       C91         c        15        19         1       420       660        10
       C62         c        24        58        19       724       964        10
       C12         c        50        35        19       735       975        10
       C59         c        21        24        28        18       258        10
       C17         c         5        30         2       682       922        10

Vehicle fuel tank capacity /198.88/
Vehicle load capacity /1000.0/
Fuel consumption rate /1.0/
Inverse refueling rate /0.15/
Average Velocity /1.0/
