 StringID       Type         x         y    demand ReadyTime   DueDateServiceTime
        D0         d        35        35         0         0      1000         0
        S0         f        35        35         0         0      1000         0
        S1         f        61        37         0         0      1000         0
        S2         f        74        39         0         0      1000         0
        S3         f        47        57         0         0      1000         0
        S4         f        57        65         0         0      1000         0
        S5         f        29        59         0         0      1000         0
        S6         f        34        71         0         0      1000         0
        S7         f        22        58         0         0      1000         0
        S8         f         7        61         0         0      1000         0
        S9         f        18        41         0         0      1000         0
       S10         f         5        39         0         0      1000         0
       S11         f        14        20         0         0      1000         0
       S12         f         0        26         0         0      1000         0
       S13         f        24        25         0         0      1000         0
       S14         f        26         6         0         0      1000         0
       S15         f        34        20         0         0      1000         0
       S16         f        41         5         0         0      1000         0
       S17         f        50         9         0         0      1000         0
       S18         f        61        14         0         0      1000         0
       S19         f        62        21         0         0      1000         0
       S20         f        74        30         0         0      1000         0
       C96         c        22        27        11       734       974        10
       C60         c        17        34         3         0       971        10
       C73         c        44        17         9       729       969        10
       C74         c        46        13         8       382       622        10
       C25         c        65        20         6         0       956        10
       C37         c        20        20         8       469       709        10
       C56         c        53        12         6       720       960        10
       C84         c        11        31         7       261       501        10
      C100         c        18        18        17         0       965        10
       C91         c        15        19         1       420       660        10
        C2         c        35        17         7         0       972        10
       C78         c        61        52         3       199       439        10
       C21         c        45        20        11         0       971        10
       C89         c        26        35        15       506       746        10
       C75         c        49        11        18         0       962        10
       C17         c         5        30         2       682       922        10
        C1         c        41        49        10        16       256        10
       C22         c        45        10        18         0       963        10
       C47         c         8        56        27         0       955        10
       C35         c        63        65         8       690       930        10
       C82         c        15        47        16       630       870        10
       C94         c        26        27        27         0       977        10
       C50         c        47        47        13       433       673        10
       C52         c        27        43         9       192       432        10
       C64         c        15        77         9       650       890        10
       C19         c        15        60        17       178       418        10
       C68         c        56        39        36       272       512        10
       C18         c        20        40        12         0       974        10
       C77         c        53        43        14        35       275        10
       C97         c        25        21        12         0       972        10
       C86         c         4        18        35       714       954        10
       C95         c        25        24        20        15       255        10
       C41         c        42         7         5       721       961        10
       C26         c        45        30        17        73       313        10
       C54         c        57        29        18        23       263        10
       C99         c        20        26         9        27       267        10
       C69         c        37        47         6       410       650        10
        C5         c        15        30        26         0       969        10
       C42         c        24        12         5        26       266        10
       C76         c        49        42        13       166       406        10
       C12         c        50        35        19       735       975        10
       C31         c        31        52        27       580       820        10
        C8         c        10        43         9        27       267        10
       C39         c        60        12        31       242       482        10
       C72         c        47        16        25        58       298        10
        C6         c        25        30         3       512       752        10
       C38         c         5         5        16       540       780        10
       C62         c        24        58        19         0       964        10
       C23         c        55         5        29        64       304        10
       C70         c        37        56         5        22       262        10

Vehicle fuel tank capacity /181.23/
Vehicle load capacity /1000.0/
Fuel consumption rate /1.0/
Inverse refueling rate /0.17/
Average Velocity /1.0/
