 StringID       Type         x         y    demand ReadyTime   DueDateServiceTime
        D0         d        40        50         0         0       960         0
        S0         f        40        50         0         0       960         0
        S1         f        73        52         0         0       960         0
        S2         f        90        55         0         0       960         0
        S3         f        55        79         0         0       960         0
        S4         f        69        89         0         0       960         0
        S5         f        32        80         0         0       960         0
        S6         f        39        96         0         0       960         0
        S7         f        23        80         0         0       960         0
        S8         f         4        83         0         0       960         0
        S9         f        18        58         0         0       960         0
       S10         f         1        56         0         0       960         0
       S11         f        13        31         0         0       960         0
       S12         f        -5        38         0         0       960         0
       S13         f        26        37         0         0       960         0
       S14         f        28        13         0         0       960         0
       S15         f        39        31         0         0       960         0
       S16         f        48        11         0         0       960         0
       S17         f        59        17         0         0       960         0
       S18         f        73        23         0         0       960         0
       S19         f        74        32         0         0       960         0
       S20         f        90        44         0         0       960         0
       C74         c        20        20         8       486       913        10
       C98         c        26        52         9        46       510        10
       C17         c         0        45        20        41       483        10
       C25         c        35         5        20        46       505        10
       C71         c        65        55        14       512       924        10
       C27         c        95        35        20       320       892        10
       C10         c        10        40        30       243       689        10
       C29         c        90        35        10       333       789        10
       C63         c        65        20         6       102       650        10
       C43         c        55        85        20        39       610        10
       C13         c         5        35        10        39       511        10
       C66         c        41        37        16       383       905        10
       C88         c        24        58        19       364       878        10
       C12         c         8        45        20       510       917        10
        C7         c        15        75        20        36       435        10
       C28         c        92        30        10        56       557        10
       C73         c         2        60         5       147       553        10
       C91         c        49        42        13       234       764        10
       C52         c        25        30         3       344       882        10
       C38         c        62        80        30        38       555        10
        C4         c        20        80        40       516       913        10
       C22         c        40        15        40       442       915        10
       C15         c         2        40        20       478       910        10
       C32         c        87        30        10        52       522        10
      C100         c        31        67         3       372       684        10
       C96         c        55        54        26       142       532        10
       C83         c        37        31        14       248       738        10
       C92         c        53        43        14       367       935        10
       C21         c        40         5        10       324       840        10
       C78         c         8        56        27       125       699        10
       C16         c         0        40        20        42       543        10
       C60         c        15        60        17        27       520        10
       C90         c        37        47         6         5       447        10
       C99         c        26        35        15        21       442        10
        C1         c        25        85        20       155       565        10
       C64         c        45        30        17       468       908        10
       C18         c        44         5        20       450       904        10
       C23         c        38         5        30        46       620        10
       C79         c         6        68        30        39       515        10
       C56         c        50        35        19        19       546        10
       C40         c        60        85        30       357       787        10
       C30         c        88        30        10       251       701        10
        C2         c        22        75        30        31       550        10
       C37         c        65        82        10        41       614        10
       C50         c        72        35        30       492       914        10
       C65         c        35        40        16        12       451        10
       C80         c        47        47        13       137       681        10
       C53         c        20        50         5        85       569        10
       C67         c        64        42         9        26       513        10
       C19         c        42        10        40        41       529        10

Vehicle fuel tank capacity /165.63/
Vehicle load capacity /1000.0/
Fuel consumption rate /1.0/
Inverse refueling rate /0.18/
Average Velocity /1.0/
