 StringID       Type         x         y    demand ReadyTime   DueDateServiceTime
        D0         d        40        50         0         0       960         0
        S0         f        40        50         0         0       960         0
        S1         f        73        52         0         0       960         0
        S2         f        90        55         0         0       960         0
        S3         f        55        79         0         0       960         0
        S4         f        69        89         0         0       960         0
        S5         f        32        80         0         0       960         0
        S6         f        39        96         0         0       960         0
        S7         f        23        80         0         0       960         0
        S8         f         4        83         0         0       960         0
        S9         f        18        58         0         0       960         0
       S10         f         1        56         0         0       960         0
       S11         f        13        31         0         0       960         0
       S12         f        -5        38         0         0       960         0
       S13         f        26        37         0         0       960         0
       S14         f        28        13         0         0       960         0
       S15         f        39        31         0         0       960         0
       S16         f        48        11         0         0       960         0
       S17         f        59        17         0         0       960         0
       S18         f        73        23         0         0       960         0
       S19         f        74        32         0         0       960         0
       S20         f        90        44         0         0       960         0
       C34         c        85        35        30        56       296        10
       C49         c        42        12        10       148       388        10
       C48         c        42         5        10        46       286        10
       C37         c        65        82        10       192       432        10
       C63         c        65        20         6       256       496        10
       C27         c        95        35        20       615       855        10
       C32         c        87        30        10        69       309        10
       C29         c        90        35        10       441       681        10
       C35         c        67        85        20       587       827        10
      C100         c        31        67         3       408       648        10
       C59         c        10        20        19       595       835        10
       C13         c         5        35        10        39       279        10
       C66         c        41        37        16       524       764        10
       C81         c        49        58        10       697       937        10
       C55         c        30        60        16       601       841        10
       C31         c        88        35        20       659       899        10
       C52         c        25        30         3       493       733        10
       C64         c        45        30        17       568       808        10
       C70         c        35        69        23       338       578        10
       C19         c        42        10        40        41       281        10
       C72         c        63        65         8       271       511        10
        C1         c        25        85        20       240       480        10
       C24         c        38        15        10       101       341        10
       C33         c        85        25        10       658       898        10
        C9         c        10        35        20       594       834        10
        C6         c        18        75        20       198       438        10
       C16         c         0        40        20       120       360        10
       C15         c         2        40        20       670       910        10
       C42         c        55        80        10       460       700        10
       C77         c        23         3         7        50       290        10
       C36         c        65        85        40       457       697        10
       C57         c        30        25        23       166       406        10
       C82         c        27        43         9       449       689        10
       C79         c         6        68        30        39       279        10
       C54         c        55        60        16       497       737        10
       C28         c        92        30        10        93       333        10
       C93         c        61        52         3       257       497        10
       C68         c        40        60        21       684       924        10
       C12         c         8        45        20       677       917        10
       C53         c        20        50         5       207       447        10
       C95         c        56        37         6       469       709        10
       C92         c        53        43        14       635       875        10
       C99         c        26        35        15        21       261        10
       C50         c        72        35        30       674       914        10
       C71         c        65        55        14       684       924        10
       C75         c         5         5        16       324       564        10
       C46         c        18        80        10       672       912        10
       C43         c        55        85        20        42       282        10
       C18         c        44         5        20       664       904        10
       C91         c        49        42        13       379       619        10

Vehicle fuel tank capacity /229.26/
Vehicle load capacity /1000.0/
Fuel consumption rate /1.0/
Inverse refueling rate /0.13/
Average Velocity /1.0/
