 StringID       Type         x         y    demand ReadyTime   DueDateServiceTime
        D0         d        40        50         0         0      1236         0
        S0         f        40        50         0         0      1236         0
        S1         f        73        52         0         0      1236         0
        S2         f        90        55         0         0      1236         0
        S3         f        55        79         0         0      1236         0
        S4         f        69        89         0         0      1236         0
        S5         f        32        80         0         0      1236         0
        S6         f        39        96         0         0      1236         0
        S7         f        23        80         0         0      1236         0
        S8         f         4        83         0         0      1236         0
        S9         f        18        58         0         0      1236         0
       S10         f         1        56         0         0      1236         0
       S11         f        13        31         0         0      1236         0
       S12         f        -5        38         0         0      1236         0
       S13         f        26        37         0         0      1236         0
       S14         f        28        13         0         0      1236         0
       S15         f        39        31         0         0      1236         0
       S16         f        48        11         0         0      1236         0
       S17         f        59        17         0         0      1236         0
       S18         f        73        23         0         0      1236         0
       S19         f        74        32         0         0      1236         0
       S20         f        90        44         0         0      1236         0
       C92         c        67        85        20       459       519        90
       C30         c        20        55        10         0      1125        90
       C76         c        90        35        10       575       639        90
       C19         c        15        80        10       455       513        90
       C78         c        88        35        20         0      1095        90
       C72         c        53        30        10       904       954        90
       C25         c        25        52        40       158       232        90
       C43         c        33        35        10       789       849        90
       C33         c         8        40        40       355       437        90
       C50         c        26        32        10         0      1123        90
       C95         c        62        80        30         0      1108        90
       C18         c        15        75        20         0      1110        90
        C5         c        42        65        10       950      1026        90
       C27         c        23        52        10       263       311        90
       C24         c        25        50        10         0      1131        90
       C94         c        65        82        10         0      1105        90
       C12         c        25        85        20       176       228        90
       C69         c        45        35        10         0      1130        90
       C15         c        20        80        40         0      1109        90
       C14         c        22        85        10         0      1106        90
       C66         c        47        35        10      1068      1129        90
       C60         c        35         5        20       167       223        90
       C49         c        28        35        10      1011      1073        90
        C9         c        38        70        10       958      1040        90
       C31         c        10        35        20         0      1112        90
       C84         c        70        58        20         0      1114        90
        C8         c        38        68        20      1057      1125        90
       C48         c        28        30        10         0      1122        90
       C73         c        92        30        10       287       361        90
       C55         c        42        15        10       905       963        90
       C88         c        65        60        30         0      1119        90
        C3         c        42        66        10         0      1129        90
       C47         c        30        35        10       698       754        90
       C57         c        40        15        40       989      1063        90
        C4         c        42        68        10       584       656        90
       C62         c        50        35        20         0      1127        90
       C22         c        28        52        20         0      1133        90
       C42         c        33        32        20         0      1126        90
       C23         c        28        55        10        13        70        90
       C99         c        55        80        10       836       896        90
      C100         c        55        85        20       744       798        90
       C41         c        35        32        10         0      1127        90
       C51         c        25        30        10         0      1121        90
       C54         c        42        10        40       810       868        90
       C67         c        47        40        10         0      1133        90
       C61         c        50        30        10       980      1064        90
        C7         c        40        66        20         0      1130        90
       C86         c        66        55        10         0      1119        90
       C53         c        44         5        20         0      1100        90
       C77         c        88        30        10       534       600        90

Vehicle fuel tank capacity /79.69/
Vehicle load capacity /200.0/
Fuel consumption rate /1.0/
Inverse refueling rate /3.39/
Average Velocity /1.0/
