 StringID       Type         x         y    demand ReadyTime   DueDateServiceTime
        D0         d        40        50         0         0      3390         0
        S0         f        40        50         0         0      3390         0
        S1         f        73        52         0         0      3390         0
        S2         f        90        55         0         0      3390         0
        S3         f        55        79         0         0      3390         0
        S4         f        69        89         0         0      3390         0
        S5         f        32        80         0         0      3390         0
        S6         f        39        96         0         0      3390         0
        S7         f        23        80         0         0      3390         0
        S8         f         4        83         0         0      3390         0
        S9         f        18        58         0         0      3390         0
       S10         f         1        56         0         0      3390         0
       S11         f        13        31         0         0      3390         0
       S12         f        -5        38         0         0      3390         0
       S13         f        26        37         0         0      3390         0
       S14         f        28        13         0         0      3390         0
       S15         f        39        31         0         0      3390         0
       S16         f        48        11         0         0      3390         0
       S17         f        59        17         0         0      3390         0
       S18         f        73        23         0         0      3390         0
       S19         f        74        32         0         0      3390         0
       S20         f        90        44         0         0      3390         0
       C13         c        22        75        30         0      3269        90
       C24         c        25        50        10         0      3285        90
       C67         c        47        40        10         0      3287        90
       C46         c        34        25        30         0      3274        90
       C52         c        25        35        10       402       562        90
       C60         c        35         5        20         0      3254        90
       C93         c        42        58        40      1369      1529        90
       C92         c        67        85        20       603       763        90
       C58         c        38         5        30         0      3254        90
       C19         c        15        80        10         0      3260        90
       C12         c        25        85        20         0      3261        90
       C71         c        95        35        20       940      1100        90
       C50         c        26        32        10         0      3277        90
        C6         c        16        42        20      2544      2704        90
        C1         c        52        75        10         0      3272        90
       C34         c         8        45        20         0      3267        90
       C98         c        58        75        20       319       479        90
       C40         c        36        18        10       968      1128        90
        C9         c        28        70        10         0      3276        90
       C51         c        25        30        10         0      3275        90
       C90         c        60        55        10         0      3279        90
       C26         c         8        62        10         0      3265        90
       C49         c        48        20        10         0      3268        90
        C2         c        45        70        30      1084      1244        90
       C33         c         8        40        40      2355      2515        90
       C81         c        85        35        30      1417      1577        90
       C36         c         5        45        10      1787      1947        90
       C80         c        85        25        10      1227      1387        90
       C64         c        48        30        10         0      3278        90
       C25         c        22        66        40      1078      1238        90
        C4         c        60        66        10         0      3274        90
       C57         c        38        15        40         0      3264        90
       C47         c        30        35        10         0      3281        90
       C18         c        15        75        20       885      1045        90
       C59         c        38        10        10         0      3259        90
       C17         c        18        75        20         0      3266        90
       C76         c        90        35        10       845      1005        90
       C83         c        72        55        10       415       575        90
       C73         c        92        30        10         0      3244        90
       C28         c         4        55        20      1593      1753        90
       C79         c        87        30        10      1322      1482        90
       C89         c        56        64        10         0      3278        90
        C5         c        42        65        10         0      3284        90
       C22         c        28        52        20         0      3287        90
       C65         c        44        25        10      2056      2216        90
        C7         c        58        70        20       224       384        90
       C30         c        20        55        10         0      3279        90
        C3         c        62        69        10         0      3270        90
       C97         c        60        85        30       700       860        90
        C8         c        34        60        20        12       172        90

Vehicle fuel tank capacity /118.23/
Vehicle load capacity /700.0/
Fuel consumption rate /1.0/
Inverse refueling rate /2.28/
Average Velocity /1.0/
