 StringID       Type         x         y    demand ReadyTime   DueDateServiceTime
        D0         d        35        35         0         0      1000         0
        S0         f        35        35         0         0      1000         0
        S1         f        61        37         0         0      1000         0
        S2         f        74        39         0         0      1000         0
        S3         f        47        57         0         0      1000         0
        S4         f        57        65         0         0      1000         0
        S5         f        29        59         0         0      1000         0
        S6         f        34        71         0         0      1000         0
        S7         f        22        58         0         0      1000         0
        S8         f         7        61         0         0      1000         0
        S9         f        18        41         0         0      1000         0
       S10         f         5        39         0         0      1000         0
       S11         f        14        20         0         0      1000         0
       S12         f         0        26         0         0      1000         0
       S13         f        24        25         0         0      1000         0
       S14         f        26         6         0         0      1000         0
       S15         f        34        20         0         0      1000         0
       S16         f        41         5         0         0      1000         0
       S17         f        50         9         0         0      1000         0
       S18         f        61        14         0         0      1000         0
       S19         f        62        21         0         0      1000         0
       S20         f        74        30         0         0      1000         0
       C56         c        53        12         6       767       919        10
       C75         c        49        11        18       537       635        10
       C46         c         2        48         1        58       194        10
       C39         c        60        12        31       284       440        10
       C90         c        31        67         3       532       636        10
       C37         c        20        20         8       500       678        10
      C100         c        18        18        17       118       148        10
       C20         c        45        65         9       679       769        10
       C85         c        16        22        41       552       744        10
       C96         c        22        27        11       874       948        10
       C99         c        20        26         9       101       193        10
       C16         c        10        20        19       527       665        10
       C25         c        65        20         6        69       183        10
       C77         c        53        43        14        86       224        10
       C57         c        32        12         7       471       587        10
       C27         c        35        40        16       299       477        10
       C28         c        41        37        16       357       495        10
       C47         c         8        56        27       619       763        10
       C11         c        20        65        12       701       821        10
       C86         c         4        18        35       877       947        10
       C24         c        65        35         3       802       912        10
       C71         c        57        68        15       710       796        10
       C48         c        13        52        36       418       558        10
       C15         c        30         5         8       861       959        10
       C59         c        21        24        28        18       140        10
       C22         c        45        10        18       765       885        10
       C97         c        25        21        12       566       636        10
       C64         c        15        77         9       719       821        10
       C93         c        18        24        22       565       643        10
       C12         c        50        35        19       850       934        10
       C58         c        36        26        18       399       515        10
       C31         c        31        52        27       591       809        10
       C60         c        17        34         3       589       721        10
       C35         c        63        65         8       726       894        10
       C44         c        11        14        18       578       714        10
       C95         c        25        24        20        15       179        10
       C87         c        28        18        26       530       568        10
        C1         c        41        49        10        16       102        10
       C88         c        26        52         9       318       464        10
       C68         c        56        39        36       318       466        10
       C14         c        15        10        20       174       304        10
       C83         c        14        37        11       545       677        10
       C82         c        15        47        16       697       803        10
       C65         c        62        77        20       113       215        10
       C53         c        37        31        14       388       516        10
       C78         c        61        52         3       230       408        10
       C52         c        27        43         9       233       391        10
       C10         c        30        60        16       585       691        10
       C62         c        24        58        19       840       964        10
       C54         c        57        29        18        23       144        10

Vehicle fuel tank capacity /187.86/
Vehicle load capacity /1000.0/
Fuel consumption rate /1.0/
Inverse refueling rate /0.16/
Average Velocity /1.0/
