 StringID       Type         x         y    demand ReadyTime   DueDateServiceTime
        D0         d        40        50         0         0       240         0
        S0         f        40        50         0         0       240         0
        S1         f        73        52         0         0       240         0
        S2         f        90        55         0         0       240         0
        S3         f        55        79         0         0       240         0
        S4         f        69        89         0         0       240         0
        S5         f        32        80         0         0       240         0
        S6         f        39        96         0         0       240         0
        S7         f        23        80         0         0       240         0
        S8         f         4        83         0         0       240         0
        S9         f        18        58         0         0       240         0
       S10         f         1        56         0         0       240         0
       S11         f        13        31         0         0       240         0
       S12         f        -5        38         0         0       240         0
       S13         f        26        37         0         0       240         0
       S14         f        28        13         0         0       240         0
       S15         f        39        31         0         0       240         0
       S16         f        48        11         0         0       240         0
       S17         f        59        17         0         0       240         0
       S18         f        73        23         0         0       240         0
       S19         f        74        32         0         0       240         0
       S20         f        90        44         0         0       240         0
       C76         c        60        12        31        55       172        10
       C21         c        40         5        10        55       185        10
       C36         c        65        85        40        57       171        10
       C98         c        26        52         9       105       211        10
       C27         c        95        35        20        75       172        10
       C77         c        23         3         7        65       180        10
       C79         c         6        68        30        39       151        10
       C18         c        44         5        20        53       156        10
       C25         c        35         5        20        74       178        10
       C78         c         8        56        27        33       188        10
       C26         c        95        30        30        75       171        10
        C9         c        10        35        20        69       196        10
       C20         c        42        15        10        90       178        10
       C45         c        20        82        10        38       192        10
        C6         c        18        75        20        53       187        10
       C46         c        18        80        10        70       192        10
       C72         c        63        65         8        56       186        10
       C71         c        65        55        14        26       111        10
       C67         c        64        42         9        87       204        10
       C12         c         8        45        20        85       167        10
       C40         c        60        85        30        96       189        10
       C43         c        55        85        20        39       191        10
       C60         c        15        60        17        83       203        10
       C11         c         8        40        40        46       156        10
       C19         c        42        10        40        48       166        10
       C54         c        55        60        16       100       211        10
       C70         c        35        69        23        51       145        10
       C85         c        63        23         2        36       194        10
       C53         c        20        50         5        20       136        10
        C1         c        25        85        20       107       191        10
       C66         c        41        37        16        14       146        10
       C69         c        31        52        27        10       124        10
       C61         c        45        65         9        27       214        10
       C93         c        61        52         3        22       101        10
       C90         c        37        47         6       111       209        10
       C39         c        60        80        10        46       184        10
        C3         c        22        85        10        40       190        10
       C24         c        38        15        10        72       174        10
       C65         c        35        40        16        12       109        10
       C16         c         0        40        20        65       188        10
       C99         c        26        35        15        22       110        10
       C41         c        58        75        20        66       184        10
       C14         c         5        45        10        36       154        10
       C86         c        21        24        28       125       197        10
       C35         c        67        85        20        59       185        10
       C37         c        65        82        10        56       189        10
       C92         c        53        43        14        63       215        10
        C2         c        22        75        30        34       164        10
      C100         c        31        67         3        20        63        10
       C51         c        55        20        19        78       196        10

Vehicle fuel tank capacity /79.69/
Vehicle load capacity /200.0/
Fuel consumption rate /1.0/
Inverse refueling rate /0.38/
Average Velocity /1.0/
