 StringID       Type         x         y    demand ReadyTime   DueDateServiceTime
        D0         d        40        50         0         0       240         0
        S0         f        40        50         0         0       240         0
        S1         f        73        52         0         0       240         0
        S2         f        90        55         0         0       240         0
        S3         f        55        79         0         0       240         0
        S4         f        69        89         0         0       240         0
        S5         f        32        80         0         0       240         0
        S6         f        39        96         0         0       240         0
        S7         f        23        80         0         0       240         0
        S8         f         4        83         0         0       240         0
        S9         f        18        58         0         0       240         0
       S10         f         1        56         0         0       240         0
       S11         f        13        31         0         0       240         0
       S12         f        -5        38         0         0       240         0
       S13         f        26        37         0         0       240         0
       S14         f        28        13         0         0       240         0
       S15         f        39        31         0         0       240         0
       S16         f        48        11         0         0       240         0
       S17         f        59        17         0         0       240         0
       S18         f        73        23         0         0       240         0
       S19         f        74        32         0         0       240         0
       S20         f        90        44         0         0       240         0
       C25         c        35         5        20        96       156        10
       C79         c         6        68        30        39        99        10
       C42         c        55        80        10        34        94        10
       C16         c         0        40        20       128       188        10
       C82         c        27        43         9        99       159        10
       C90         c        37        47         6       130       190        10
       C21         c        40         5        10       125       185        10
       C77         c        23         3         7        75       135        10
       C45         c        20        82        10        38        98        10
       C29         c        90        35        10       113       173        10
       C37         c        65        82        10        56       116        10
       C36         c        65        85        40        57       117        10
       C41         c        58        75        20        95       155        10
       C49         c        42        12        10        70       130        10
       C53         c        20        50         5        20        80        10
       C94         c        57        48        23       152       212        10
       C83         c        37        31        14       103       163        10
       C39         c        60        80        10        85       145        10
       C27         c        95        35        20       112       172        10
        C3         c        22        85        10        98       158        10
       C46         c        18        80        10       114       174        10
       C55         c        30        60        16        15        75        10
       C10         c        10        40        30        74       134        10
        C5         c        20        85        20       124       184        10
       C33         c        85        25        10        84       144        10
       C80         c        47        47        13        29        89        10
       C35         c        67        85        20       125       185        10
       C70         c        35        69        23        68       128        10
       C17         c         0        45        20       129       189        10
       C11         c         8        40        40        71       131        10
       C60         c        15        60        17       143       203        10
       C95         c        56        37         6        51       111        10
       C22         c        40        15        40        91       151        10
       C19         c        42        10        40        48       108        10
        C4         c        20        80        40        46       106        10
       C85         c        63        23         2        50       110        10
        C9         c        10        35        20       108       168        10
        C1         c        25        85        20       131       191        10
       C78         c         8        56        27        62       122        10
       C56         c        50        35        19       118       178        10
       C26         c        95        30        30        88       148        10
       C32         c        87        30        10        67       127        10
       C89         c        67         5        25       114       174        10
       C31         c        88        35        20        87       147        10
       C47         c         2        45        10        49       109        10
       C67         c        64        42         9       144       204        10
       C62         c        65        35         3        30        90        10
        C7         c        15        75        20        87       147        10
       C73         c         2        60         5        80       140        10
       C24         c        38        15        10        93       153        10

Vehicle fuel tank capacity /79.69/
Vehicle load capacity /200.0/
Fuel consumption rate /1.0/
Inverse refueling rate /0.38/
Average Velocity /1.0/
