 StringID       Type         x         y    demand ReadyTime   DueDateServiceTime
        D0         d        40        50         0         0       960         0
        S0         f        40        50         0         0       960         0
        S1         f        73        52         0         0       960         0
        S2         f        90        55         0         0       960         0
        S3         f        55        79         0         0       960         0
        S4         f        69        89         0         0       960         0
        S5         f        32        80         0         0       960         0
        S6         f        39        96         0         0       960         0
        S7         f        23        80         0         0       960         0
        S8         f         4        83         0         0       960         0
        S9         f        18        58         0         0       960         0
       S10         f         1        56         0         0       960         0
       S11         f        13        31         0         0       960         0
       S12         f        -5        38         0         0       960         0
       S13         f        26        37         0         0       960         0
       S14         f        28        13         0         0       960         0
       S15         f        39        31         0         0       960         0
       S16         f        48        11         0         0       960         0
       S17         f        59        17         0         0       960         0
       S18         f        73        23         0         0       960         0
       S19         f        74        32         0         0       960         0
       S20         f        90        44         0         0       960         0
       C81         c        49        58        10         0       937        10
       C19         c        42        10        40         0       909        10
       C55         c        30        60        16         0       935        10
       C65         c        35        40        16        28       148        10
       C53         c        20        50         5         0       930        10
       C88         c        24        58        19       561       681        10
       C36         c        65        85        40       517       637        10
       C72         c        63        65         8         0       922        10
       C32         c        87        30        10         0       898        10
       C75         c         5         5        16         0       892        10
       C56         c        50        35        19       184       304        10
       C74         c        20        20         8         0       913        10
       C23         c        38         5        30         0       904        10
       C87         c        12        24        13       381       501        10
       C69         c        31        52        27        10       130        10
       C47         c         2        45        10         0       911        10
       C34         c        85        35        30         0       902        10
       C44         c        55        82        10         0       914        10
       C15         c         2        40        20         0       910        10
       C14         c         5        45        10         0       914        10
        C6         c        18        75        20         0       916        10
       C46         c        18        80        10         0       912        10
       C17         c         0        45        20         0       909        10
       C48         c        42         5        10         0       904        10
       C92         c        53        43        14         0       935        10
        C1         c        25        85        20       300       420        10
       C94         c        57        48        23         0       932        10
       C43         c        55        85        20         0       911        10
       C24         c        38        15        10         0       914        10
       C89         c        67         5        25       777       897        10
       C68         c        40        60        21         0       940        10
        C5         c        20        85        20         0       909        10
       C28         c        92        30        10         0       894        10
       C95         c        56        37         6         0       929        10
       C70         c        35        69        23         0       930        10
       C97         c         4        18        35         0       901        10
       C82         c        27        43         9         0       935        10
       C21         c        40         5        10         0       905        10
        C2         c        22        75        30         0       919        10
       C35         c        67        85        20         0       905        10
       C96         c        55        54        26         0       934        10
       C12         c         8        45        20       797       917        10
       C22         c        40        15        40         0       915        10
        C4         c        20        80        40       712       832        10
       C86         c        21        24        28         0       917        10
       C79         c         6        68        30        39       159        10
       C66         c        41        37        16         0       936        10
       C64         c        45        30        17       628       748        10
       C99         c        26        35        15         0       929        10
       C29         c        90        35        10       501       621        10

Vehicle fuel tank capacity /159.68/
Vehicle load capacity /1000.0/
Fuel consumption rate /1.0/
Inverse refueling rate /0.19/
Average Velocity /1.0/
